1	87316326	10	20	A
1	87202778	10	20	A
1	87157536	10	20	A
1	87157537	10	20	A
1	87097544	10	20	A
1	87316316	10	20	A
1	91226903	10	20	A
1	90320756	10	20	A
1	91032288	10	20	A
1	91336317	10	20	A
1	89365014	10	20	A
1	88069042	10	20	A
1	89184080	10	20	A
1	91185608	10	20	A
1	89042494	10	20	A
1	89093443	10	20	A
1	89264075	10	20	A
1	88181296	10	20	A
1	89270656	10	20	A
1	89244872	10	20	A
1	88095668	10	20	A
1	91110205	10	20	A
1	89182887	10	20	A
1	91110206	10	20	A
1	91123318	10	20	A
1	91310766	10	20	A
1	91143735	10	20	A
1	88103805	10	20	A
1	89015550	10	20	A
1	89023354	10	20	A
1	90383292	10	20	A
1	90295182	10	20	A
1	90135739	10	20	A
1	91243929	10	20	A
1	90191478	10	20	A
1	89225293	10	20	A
1	88238705	10	20	A
1	88238706	10	20	A
1	88196514	10	20	A
1	89201699	10	20	A
1	90278894	10	20	A
1	89228983	10	20	A
1	89201700	10	20	A
1	90270361	10	20	A
1	91120636	10	20	A
1	91016129	10	20	A
1	91120637	10	20	A
1	91229114	10	20	A
1	90320755	10	20	A
1	90297130	10	20	A
2	87230756	10	20	A
2	87076950	10	20	A
2	87254296	10	20	A
2	87058538	10	20	A
2	87083927	10	20	A
2	87309677	10	20	A
2	87198965	10	20	A
2	87312037	10	20	A
2	87065512	10	20	A
2	87057614	10	20	A
2	87102503	10	20	A
2	89012391	10	20	A
2	89164223	10	20	A
2	89140661	10	20	A
2	90307287	10	20	A
2	89323492	10	20	A
2	89317175	10	20	A
2	88265228	10	20	A
2	91356837	10	20	A
2	89217609	10	20	A
2	89149416	10	20	A
2	91277459	10	20	A
2	88307990	10	20	A
2	88321959	10	20	A
2	88307379	10	20	A
2	88257549	10	20	A
2	88239909	10	20	A
2	91356022	10	20	A
2	90141373	10	20	A
2	91126065	10	20	A
2	88003515	10	20	A
2	88331045	10	20	A
2	91151970	10	20	A
2	88091170	10	20	A
2	89140238	10	20	A
2	89342550	10	20	A
2	88281432	10	20	A
2	91073927	10	20	A
2	89333660	10	20	A
2	88034663	10	20	A
2	89314292	10	20	A
2	89324716	10	20	A
2	89308770	10	20	A
2	89284544	10	20	A
2	89333784	10	20	A
2	88269814	10	20	A
2	89134958	10	20	A
2	89327884	10	20	A
2	89366992	10	20	A
2	90023512	10	20	A
2	91051633	10	20	A
2	90142831	10	20	A
2	88070131	10	20	A
2	90140817	10	20	A
2	89324500	10	20	A
3	87213431	10	20	A
3	87254081	10	20	A
3	87325763	10	20	A
3	87297073	10	20	A
3	87325052	10	20	A
3	87282518	10	20	A
3	87169516	10	20	A
3	87314056	10	20	A
3	87116813	10	20	A
3	87264624	10	20	A
3	87212093	10	20	A
3	87311483	10	20	A
3	87127362	10	20	A
3	87124934	10	20	A
3	87154817	10	20	A
3	87325485	10	20	A
3	87298647	10	20	A
3	87283601	10	20	A
3	87283604	10	20	A
3	87242958	10	20	A
3	87270898	10	20	A
3	87283613	10	20	A
3	87121335	10	20	A
3	88202437	10	20	A
3	90322559	10	20	A
3	89350344	10	20	A
3	90318179	10	20	A
3	91128098	10	20	A
3	90372674	10	20	A
3	91364277	10	20	A
3	88162961	10	20	A
3	89157470	10	20	A
3	89047485	10	20	A
3	90359948	10	20	A
3	89023210	10	20	A
3	90154402	10	20	A
3	91122363	10	20	A
3	89321203	10	20	A
3	90023527	10	20	A
3	90159410	10	20	A
3	91218091	10	20	A
3	91187212	10	20	A
3	91083703	10	20	A
3	91218093	10	20	A
3	91295107	10	20	A
3	91295108	10	20	A
3	91155636	10	20	A
3	88131726	10	20	A
3	88089013	10	20	A
3	91373753	10	20	A
3	89236227	10	20	A
3	88202849	10	20	A
3	91165839	10	20	A
3	89228923	10	20	A
3	89382492	10	20	A
3	88035896	10	20	A
3	91128033	10	20	A
3	88100721	10	20	A
3	90053650	10	20	A
3	90226423	10	20	A
3	91273412	10	20	A
3	90317146	10	20	A
3	91217218	10	20	A
3	90064347	10	20	A
3	89011727	10	20	A
3	90262944	10	20	A
3	91306954	10	20	A
3	90272666	10	20	A
3	90028785	10	20	A
3	88127275	10	20	A
3	90209895	10	20	A
3	91374975	10	20	A
3	89258658	10	20	A
3	89258659	10	20	A
3	89297287	10	20	A
3	88277984	10	20	A
3	91016118	10	20	A
3	91073360	10	20	A
3	91190163	10	20	A
3	91367211	10	20	A
3	91218118	10	20	A
3	90340483	10	20	A
3	91232771	10	20	A
3	90340484	10	20	A
3	90218653	10	20	A
3	90056653	10	20	A
3	90088631	10	20	A
3	91016198	10	20	A
3	91096830	10	20	A
3	89190711	10	20	A
3	89292205	10	20	A
3	91073369	10	20	A
3	89190713	10	20	A
3	89327604	10	20	A
3	91076359	10	20	A
3	91191298	10	20	A
3	89372632	10	20	A
3	89296241	10	20	A
3	90266838	10	20	A
3	90144789	10	20	A
3	89206846	10	20	A
3	88286581	10	20	A
3	88286584	10	20	A
3	91012407	10	20	A
3	88251222	10	20	A
3	89050370	10	20	A
3	88103813	10	20	A
3	90350772	10	20	A
3	90141729	10	20	A
3	90191446	10	20	A
3	91118095	10	20	A
3	91128058	10	20	A
3	90162773	10	20	A
3	88071561	10	20	A
3	90139446	10	20	A
3	88071562	10	20	A
3	90049456	10	20	A
3	89206454	10	20	A
3	90365583	10	20	A
3	90286761	10	20	A
3	90286762	10	20	A
3	91173649	10	20	A
3	91368751	10	20	A
3	88049844	10	20	A
3	90274311	10	20	A
3	91322623	10	20	A
3	91165154	10	20	A
3	88009133	10	20	A
3	89311281	10	20	A
3	90024936	10	20	A
3	90024937	10	20	A
3	90144727	10	20	A
3	88294302	10	20	A
3	89015716	10	20	A
3	90173639	10	20	A
3	91189190	10	20	A
3	91189191	10	20	A
3	89317660	10	20	A
3	91108788	10	20	A
3	90314989	10	20	A
3	89206866	10	20	A
3	90030861	10	20	A
3	90205419	10	20	A
3	90191145	10	20	A
3	90047453	10	20	A
3	90328190	10	20	A
3	90013776	10	20	A
3	90294406	10	20	A
3	91349342	10	20	A
3	91048680	10	20	A
3	90266860	10	20	A
3	89133733	10	20	A
3	90355087	10	20	A
3	91089254	10	20	A
3	88172345	10	20	A
3	88091264	10	20	A
3	88172346	10	20	A
3	89335416	10	20	A
3	91147584	10	20	A
3	88276414	10	20	A
3	89380927	10	20	A
3	91178679	10	20	A
3	91022550	10	20	A
3	90002058	10	20	A
3	90350721	10	20	A
3	90174222	10	20	A
3	90240572	10	20	A
3	91155531	10	20	A
3	90076530	10	20	A
3	91294350	10	20	A
3	90043189	10	20	A
3	91022794	10	20	A
3	90321497	10	20	A
3	88230682	10	20	A
3	88233517	10	20	A
3	91195293	10	20	A
3	90266791	10	20	A
3	91009985	10	20	A
3	89374372	10	20	A
3	89349262	10	20	A
3	89068606	10	20	A
3	88199145	10	20	A
3	89146778	10	20	A
3	89278386	10	20	A
3	90123303	10	20	A
3	90043190	10	20	A
3	89311313	10	20	A
3	90081175	10	20	A
4	87212275	10	20	A
4	87210296	10	20	A
4	87153393	10	20	A
4	87153394	10	20	A
4	87266840	10	20	A
4	87153395	10	20	A
4	87153396	10	20	A
4	87153397	10	20	A
4	87153398	10	20	A
4	87153399	10	20	A
4	87267666	10	20	A
4	87153401	10	20	A
4	87212280	10	20	A
4	88222704	10	20	A
4	90047455	10	20	A
4	91158353	10	20	A
4	88110278	10	20	A
4	90042869	10	20	A
4	91158359	10	20	A
4	91349874	10	20	A
4	89329981	10	20	A
4	91303201	10	20	A
4	91253500	10	20	A
4	91024434	10	20	A
4	88214440	10	20	A
5	87299569	10	20	A
5	87170056	10	20	A
5	87097092	10	20	A
5	87086987	10	20	A
5	87114242	10	20	A
5	87316321	10	20	A
5	89303711	10	20	A
5	91208580	10	20	A
5	90135728	10	20	A
5	90114939	10	20	A
5	90189208	10	20	A
5	89191190	10	20	A
5	89343354	10	20	A
5	89362529	10	20	A
5	89346743	10	20	A
5	89119396	10	20	A
5	91110222	10	20	A
5	91178879	10	20	A
5	90116401	10	20	A
5	90102641	10	20	A
5	90102643	10	20	A
5	90102644	10	20	A
5	91350261	10	20	A
5	91051706	10	20	A
5	91350263	10	20	A
5	88201371	10	20	A
5	90258055	10	20	A
5	89263017	10	20	A
5	91039743	10	20	A
5	90191476	10	20	A
5	90098039	10	20	A
5	90272936	10	20	A
5	91090577	10	20	A
5	91090578	10	20	A
5	90272937	10	20	A
5	88001958	10	20	A
5	90366906	10	20	A
5	88283372	10	20	A
5	89329046	10	20	A
5	88313685	10	20	A
5	91098853	10	20	A
5	91296279	10	20	A
5	89314100	10	20	A
5	91120635	10	20	A
5	91171423	10	20	A
5	90042860	10	20	A
5	90102639	10	20	A
5	91035850	10	20	A
5	90381640	10	20	A
5	89314105	10	20	A
6	87158084	10	20	A
6	87197453	10	20	A
6	87111703	10	20	A
6	87242941	10	20	A
6	87126140	10	20	A
6	87301271	10	20	A
6	89104127	10	20	A
6	89212173	10	20	A
6	90054709	10	20	A
6	88033840	10	20	A
6	90146915	10	20	A
6	90144576	10	20	A
6	91278920	10	20	A
6	89010876	10	20	A
6	88194263	10	20	A
6	89274990	10	20	A
6	89279941	10	20	A
6	90044073	10	20	A
6	91311618	10	20	A
6	91129334	10	20	A
6	91077441	10	20	A
6	90055528	10	20	A
6	89336137	10	20	A
6	88033758	10	20	A
6	89328475	10	20	A
6	89299651	10	20	A
6	89089494	10	20	A
6	90332112	10	20	A
6	91300433	10	20	A
6	91108050	10	20	A
6	89002611	10	20	A
6	91158212	10	20	A
6	88109230	10	20	A
7	87203237	10	20	A
7	87103870	10	20	A
7	87153184	10	20	A
7	87104937	10	20	A
7	87253647	10	20	A
7	87124599	10	20	A
7	87267477	10	20	A
7	88020870	10	20	A
7	91246625	10	20	A
7	90339219	10	20	A
7	91281709	10	20	A
7	88217092	10	20	A
7	89244632	10	20	A
7	88103396	10	20	A
7	91213897	10	20	A
7	89270284	10	20	A
7	88160936	10	20	A
7	89244635	10	20	A
7	89217258	10	20	A
7	91359745	10	20	A
7	88085951	10	20	A
7	88338572	10	20	A
7	89327871	10	20	A
7	88285960	10	20	A
7	90240191	10	20	A
7	91051451	10	20	A
8	88230770	10	20	A
8	90078902	10	20	A
8	89206391	10	20	A
8	88299694	10	20	A
8	88189939	10	20	A
8	88065246	10	20	A
8	88324518	10	20	A
8	88019437	10	20	A
8	90233888	10	20	A
8	90335430	10	20	A
8	89165098	10	20	A
8	87144641	10	20	A
8	87172903	10	20	A
8	87060268	10	20	A
8	87115718	10	20	A
8	87258081	10	20	A
8	87324556	10	20	A
8	87181753	10	20	A
8	87315241	10	20	A
9	87090179	10	20	A
9	87097505	10	20	A
9	87186146	10	20	A
9	87158184	10	20	A
9	87283585	10	20	A
9	87272399	10	20	A
9	87210428	10	20	A
9	87274428	10	20	A
9	87077394	10	20	A
9	87097496	10	20	A
9	91009913	10	20	A
9	88122326	10	20	A
9	90114837	10	20	A
9	90149920	10	20	A
9	91127582	10	20	A
9	90386252	10	20	A
9	88301735	10	20	A
9	91368351	10	20	A
9	90162099	10	20	A
9	90386236	10	20	A
9	88194206	10	20	A
9	91096706	10	20	A
9	88207464	10	20	A
9	90144877	10	20	A
9	88215764	10	20	A
9	91337964	10	20	A
9	90144898	10	20	A
9	91016110	10	20	A
9	91213309	10	20	A
9	89000563	10	20	A
9	88250306	10	20	A
9	91330466	10	20	A
9	89000564	10	20	A
9	90144906	10	20	A
9	90273444	10	20	A
9	91076218	10	20	A
9	90162907	10	20	A
9	90328247	10	20	A
9	90331578	10	20	A
9	88307506	10	20	A
9	90149933	10	20	A
9	89336117	10	20	A
9	90247908	10	20	A
9	88107483	10	20	A
9	88024847	10	20	A
9	90165499	10	20	A
9	89177821	10	20	A
9	88103789	10	20	A
9	89047593	10	20	A
9	89047594	10	20	A
9	89047595	10	20	A
9	90225052	10	20	A
9	90362254	10	20	A
9	88207123	10	20	A
10	90203739	10	20	A
10	90072178	10	20	A
10	89035630	10	20	A
10	89116245	10	20	A
10	90365472	10	20	A
10	89043525	10	20	A
10	89311785	10	20	A
10	88045917	10	20	A
10	91047499	10	20	A
10	90349963	10	20	A
10	91247785	10	20	A
10	88159328	10	20	A
10	89309709	10	20	A
10	89141995	10	20	A
10	89149259	10	20	A
10	88275765	10	20	A
10	91205203	10	20	A
10	91118104	10	20	A
10	89350131	10	20	A
10	87110886	10	20	A
10	87215782	10	20	A
10	87069371	10	20	A
10	87183439	10	20	A
10	87183754	10	20	A
10	87269476	10	20	A
10	87139867	10	20	A
11	87130528	10	20	A
11	87111698	10	20	A
11	87139652	10	20	A
11	87142917	10	20	A
11	87187045	10	20	A
11	87111711	10	20	A
11	87301251	10	20	A
11	87051243	10	20	A
11	87130584	10	20	A
11	87197456	10	20	A
11	87225111	10	20	A
11	87130551	10	20	A
11	87102456	10	20	A
11	87253256	10	20	A
11	87140198	10	20	A
11	87139647	10	20	A
11	87140200	10	20	A
11	87301232	10	20	A
11	88214450	10	20	A
11	88164701	10	20	A
11	89106065	10	20	A
11	88332382	10	20	A
11	88332383	10	20	A
11	88253129	10	20	A
11	89293180	10	20	A
11	88155672	10	20	A
11	89177435	10	20	A
11	89041787	10	20	A
11	91086967	10	20	A
11	89274993	10	20	A
11	91019801	10	20	A
11	91108508	10	20	A
11	91003866	10	20	A
11	89051712	10	20	A
11	88274500	10	20	A
11	91213928	10	20	A
11	90317654	10	20	A
11	89140932	10	20	A
11	88270309	10	20	A
11	91292393	10	20	A
11	88122298	10	20	A
11	91086970	10	20	A
11	88280582	10	20	A
11	89068067	10	20	A
11	88316992	10	20	A
11	89329728	10	20	A
11	91300412	10	20	A
11	90106437	10	20	A
11	91295231	10	20	A
11	88142064	10	20	A
11	88061506	10	20	A
11	88109215	10	20	A
11	91038166	10	20	A
11	90381680	10	20	A
11	89336620	10	20	A
11	91266085	10	20	A
11	90063659	10	20	A
11	88065744	10	20	A
11	90248885	10	20	A
11	89072856	10	20	A
11	88187751	10	20	A
11	88194249	10	20	A
11	88318827	10	20	A
11	89135798	10	20	A
11	89388565	10	20	A
11	88079868	10	20	A
11	90220172	10	20	A
11	90151430	10	20	A
11	88010106	10	20	A
11	89194988	10	20	A
11	90106441	10	20	A
11	88010109	10	20	A
11	91256133	10	20	A
11	88316330	10	20	A
11	91121378	10	20	A
11	88052442	10	20	A
11	88001916	10	20	A
11	90135636	10	20	A
11	89010880	10	20	A
11	90339091	10	20	A
11	88161902	10	20	A
11	89215950	10	20	A
11	90058395	10	20	A
11	89028085	10	20	A
11	88150658	10	20	A
11	89010888	10	20	A
11	91294836	10	20	A
11	88267633	10	20	A
11	88135549	10	20	A
11	89177425	10	20	A
11	90058399	10	20	A
11	88229816	10	20	A
11	88117649	10	20	A
11	88274487	10	20	A
11	89376276	10	20	A
11	88274488	10	20	A
11	89106899	10	20	A
11	88010110	10	20	A
11	90002740	10	20	A
11	90304731	10	20	A
11	91341803	10	20	A
11	88123412	10	20	A
12	89030166	10	20	A
12	88324522	10	20	A
12	91098811	10	20	A
12	91109819	10	20	A
12	89338252	10	20	A
12	91208759	10	20	A
12	88143003	10	20	A
12	87249110	10	20	A
12	87085858	10	20	A
12	87212268	10	20	A
12	87228899	10	20	A
12	87210263	10	20	A
12	87169943	10	20	A
13	87226452	10	20	A
13	87116941	10	20	A
13	87323096	10	20	A
13	87110258	10	20	A
13	87214525	10	20	A
13	87325802	10	20	A
13	87224527	10	20	A
13	87281174	10	20	A
13	87175263	10	20	A
13	87269936	10	20	A
13	87243283	10	20	A
13	87157534	10	20	A
13	87076935	10	20	A
13	87225949	10	20	A
13	87223175	10	20	A
13	87121485	10	20	A
13	87296202	10	20	A
13	87186171	10	20	A
13	87138394	10	20	A
13	87079257	10	20	A
13	87158479	10	20	A
13	89244510	10	20	A
13	91210967	10	20	A
13	89331074	10	20	A
13	88130906	10	20	A
13	88150185	10	20	A
13	88236036	10	20	A
13	91369126	10	20	A
13	91290961	10	20	A
13	91194094	10	20	A
13	88295340	10	20	A
13	88182444	10	20	A
13	89323376	10	20	A
13	89272176	10	20	A
13	89009548	10	20	A
13	88268292	10	20	A
13	88059685	10	20	A
13	89239888	10	20	A
13	88023110	10	20	A
13	91308802	10	20	A
13	89321602	10	20	A
13	89133640	10	20	A
13	91359056	10	20	A
13	88250187	10	20	A
13	90294358	10	20	A
13	89049433	10	20	A
13	88053638	10	20	A
13	88093717	10	20	A
13	89348237	10	20	A
13	91377679	10	20	A
13	88186936	10	20	A
13	89366496	10	20	A
13	89366497	10	20	A
13	89040110	10	20	A
13	91300058	10	20	A
13	90165501	10	20	A
13	90119620	10	20	A
13	91119281	10	20	A
13	90339206	10	20	A
13	91367240	10	20	A
13	91036466	10	20	A
13	91159640	10	20	A
13	88157430	10	20	A
13	91260784	10	20	A
13	91249192	10	20	A
13	91308772	10	20	A
13	89082650	10	20	A
13	89001929	10	20	A
13	91154991	10	20	A
13	91194439	10	20	A
13	91283819	10	20	A
13	88094571	10	20	A
13	90385288	10	20	A
13	88269244	10	20	A
13	91154997	10	20	A
13	89049765	10	20	A
13	88279960	10	20	A
13	91114120	10	20	A
13	90354721	10	20	A
13	89012264	10	20	A
13	90318444	10	20	A
13	89001178	10	20	A
13	91350981	10	20	A
13	90318807	10	20	A
13	90054675	10	20	A
13	88190334	10	20	A
13	90205983	10	20	A
13	88208604	10	20	A
13	91089902	10	20	A
13	88023539	10	20	A
13	91166466	10	20	A
13	89236562	10	20	A
13	89036584	10	20	A
13	89230949	10	20	A
13	89255639	10	20	A
13	89372478	10	20	A
13	89239874	10	20	A
13	91063453	10	20	A
14	91027634	10	20	A
14	91014368	10	20	A
14	90178250	10	20	A
14	91214907	10	20	A
14	90133683	10	20	A
14	91118095	10	20	A
14	91222765	10	20	A
14	91215719	10	20	A
14	90144278	10	20	A
14	88047008	10	20	A
14	88302882	10	20	A
14	89349250	10	20	A
14	89334067	10	20	A
14	90144859	10	20	A
14	88261465	10	20	A
14	89249604	10	20	A
14	88192725	10	20	A
14	91096889	10	20	A
14	91264030	10	20	A
14	91330461	10	20	A
14	90024255	10	20	A
14	90196101	10	20	A
14	91024436	10	20	A
14	89263010	10	20	A
14	90250338	10	20	A
14	91022854	10	20	A
14	90309911	10	20	A
14	90252852	10	20	A
14	91022856	10	20	A
14	88316531	10	20	A
14	90137672	10	20	A
14	90359910	10	20	A
14	90309916	10	20	A
14	88062526	10	20	A
14	91311599	10	20	A
14	88261455	10	20	A
14	88207771	10	20	A
14	88292386	10	20	A
14	89047596	10	20	A
14	89258628	10	20	A
14	88293778	10	20	A
14	91016120	10	20	A
14	88004271	10	20	A
14	91333902	10	20	A
14	87212421	10	20	A
14	87129360	10	20	A
14	87210388	10	20	A
14	87060684	10	20	A
14	87316176	10	20	A
14	87181781	10	20	A
14	87169464	10	20	A
14	87267876	10	20	A
15	87202274	10	20	A
15	87070096	10	20	A
15	87288554	10	20	A
15	87200548	10	20	A
15	87282184	10	20	A
15	87310301	10	20	A
15	91156317	10	20	A
15	89052153	10	20	A
15	90383064	10	20	A
15	89261604	10	20	A
15	89047081	10	20	A
15	89261606	10	20	A
15	89184063	10	20	A
15	89263327	10	20	A
15	88112885	10	20	A
15	89385651	10	20	A
15	88218778	10	20	A
15	91343612	10	20	A
15	90280073	10	20	A
15	90183170	10	20	A
15	90242616	10	20	A
15	91288030	10	20	A
15	91044454	10	20	A
15	91319414	10	20	A
15	91246470	10	20	A
15	91116285	10	20	A
15	89205336	10	20	A
15	88320195	10	20	A
15	90174744	10	20	A
15	88123727	10	20	A
15	89124833	10	20	A
15	91285446	10	20	A
15	89144637	10	20	A
15	89249633	10	20	A
15	90137897	10	20	A
15	88095872	10	20	A
15	89178357	10	20	A
15	89248828	10	20	A
15	88196892	10	20	A
15	90221630	10	20	A
15	89041220	10	20	A
15	89331013	10	20	A
16	90206348	10	20	A
16	90271617	10	20	A
16	88011546	10	20	A
16	89380403	10	20	A
16	89073260	10	20	A
16	91306197	10	20	A
16	91226286	10	20	A
16	89012295	10	20	A
16	88007807	10	20	A
16	89217147	10	20	A
16	91344459	10	20	A
16	88071546	10	20	A
16	89037445	10	20	A
16	89141976	10	20	A
16	88156864	10	20	A
16	90013422	10	20	A
16	91226050	10	20	A
16	91232271	10	20	A
16	88100715	10	20	A
16	91304527	10	20	A
16	88010168	10	20	A
16	91232259	10	20	A
16	89012283	10	20	A
16	91057741	10	20	A
16	89012284	10	20	A
16	90308528	10	20	A
16	88119323	10	20	A
16	90271628	10	20	A
16	90244458	10	20	A
16	90024696	10	20	A
16	90322767	10	20	A
16	91019827	10	20	A
16	90024698	10	20	A
16	91280639	10	20	A
16	89182416	10	20	A
16	89044581	10	20	A
16	90294394	10	20	A
16	89119760	10	20	A
16	89095059	10	20	A
16	90256898	10	20	A
16	90134130	10	20	A
16	90134131	10	20	A
16	90322016	10	20	A
16	90012443	10	20	A
16	90013417	10	20	A
16	88040710	10	20	A
16	89060330	10	20	A
16	91304535	10	20	A
16	91015239	10	20	A
16	87324800	10	20	A
16	87065523	10	20	A
16	87226497	10	20	A
16	87097688	10	20	A
16	87121303	10	20	A
16	87061271	10	20	A
16	87141428	10	20	A
16	87316434	10	20	A
16	87209635	10	20	A
16	87311967	10	20	A
16	87284248	10	20	A
16	87077299	10	20	A
16	87215060	10	20	A
17	87132437	10	20	A
17	87148018	10	20	A
17	87193219	10	20	A
17	87274739	10	20	A
17	91064516	10	20	A
17	91334742	10	20	A
17	88271160	10	20	A
17	90344427	10	20	A
17	88155144	10	20	A
17	91364492	10	20	A
17	89060717	10	20	A
17	91064945	10	20	A
17	90322869	10	20	A
17	89231583	10	20	A
17	88071366	10	20	A
17	89060566	10	20	A
17	91223897	10	20	A
17	88283264	10	20	A
17	89075294	10	20	A
17	90086867	10	20	A
17	89373186	10	20	A
17	89226675	10	20	A
17	90004350	10	20	A
17	90107330	10	20	A
17	90004541	10	20	A
17	89268698	10	20	A
17	90107332	10	20	A
17	91119052	10	20	A
17	91209080	10	20	A
17	90235613	10	20	A
17	91102972	10	20	A
18	91024548	10	20	A
18	88270332	10	20	A
18	88192320	10	20	A
18	91153763	10	20	A
18	91059319	10	20	A
18	88229902	10	20	A
18	91153768	10	20	A
18	88268293	10	20	A
18	88236199	10	20	A
18	88064598	10	20	A
18	89086594	10	20	A
18	89373578	10	20	A
18	88265986	10	20	A
18	91151154	10	20	A
18	91320922	10	20	A
18	90209800	10	20	A
18	91215425	10	20	A
18	90270911	10	20	A
18	89092120	10	20	A
18	90370822	10	20	A
18	88132171	10	20	A
18	91371290	10	20	A
18	88272122	10	20	A
18	89053250	10	20	A
18	88131525	10	20	A
18	91184740	10	20	A
18	88184510	10	20	A
18	91333674	10	20	A
18	91199035	10	20	A
18	88016824	10	20	A
18	88220629	10	20	A
18	91227485	10	20	A
18	88084280	10	20	A
18	88164273	10	20	A
18	89087215	10	20	A
18	88084282	10	20	A
18	90328784	10	20	A
18	90169853	10	20	A
18	89339405	10	20	A
18	91167936	10	20	A
18	90306888	10	20	A
18	88277177	10	20	A
18	88329949	10	20	A
18	89378675	10	20	A
18	91323208	10	20	A
18	88270310	10	20	A
18	88052510	10	20	A
18	91323209	10	20	A
18	90251058	10	20	A
18	90087414	10	20	A
18	88221445	10	20	A
18	90271258	10	20	A
18	91283651	10	20	A
18	91300977	10	20	A
18	90315568	10	20	A
18	89002693	10	20	A
18	88310746	10	20	A
18	89227605	10	20	A
18	88277226	10	20	A
18	88162548	10	20	A
18	88081984	10	20	A
18	91051101	10	20	A
18	91323210	10	20	A
18	91231245	10	20	A
18	88026121	10	20	A
18	88026122	10	20	A
18	91007680	10	20	A
18	91189131	10	20	A
18	88282303	10	20	A
18	88046440	10	20	A
18	91066553	10	20	A
18	88162550	10	20	A
18	90254538	10	20	A
18	90053469	10	20	A
18	88194250	10	20	A
18	89260625	10	20	A
18	88156470	10	20	A
18	89028129	10	20	A
18	91252894	10	20	A
18	88026647	10	20	A
18	89336472	10	20	A
18	91317499	10	20	A
18	88150697	10	20	A
18	89038566	10	20	A
18	89187309	10	20	A
18	89298622	10	20	A
18	89333885	10	20	A
18	91300430	10	20	A
18	90002741	10	20	A
18	90042701	10	20	A
18	90042702	10	20	A
18	91121380	10	20	A
18	90058400	10	20	A
18	91041274	10	20	A
18	90220069	10	20	A
18	91231255	10	20	A
18	91235018	10	20	A
18	90002784	10	20	A
18	91150734	10	20	A
18	87273108	10	20	A
18	87182264	10	20	A
18	87240759	10	20	A
18	87098930	10	20	A
18	87269847	10	20	A
18	87277988	10	20	A
18	87130614	10	20	A
18	87148016	10	20	A
18	87107363	10	20	A
18	87318478	10	20	A
18	87168575	10	20	A
18	87176401	10	20	A
18	87255262	10	20	A
18	87077380	10	20	A
18	87285506	10	20	A
18	87318488	10	20	A
18	87301261	10	20	A
18	87301229	10	20	A
19	87230435	10	20	A
19	87169503	10	20	A
19	87288562	10	20	A
19	87199147	10	20	A
19	87311494	10	20	A
19	87199154	10	20	A
19	87100315	10	20	A
19	90082508	10	20	A
19	91085316	10	20	A
19	90082509	10	20	A
19	88212192	10	20	A
19	90026468	10	20	A
19	91218087	10	20	A
19	91166590	10	20	A
19	88335370	10	20	A
19	89081265	10	20	A
19	89068612	10	20	A
19	88220893	10	20	A
19	88247524	10	20	A
19	91039793	10	20	A
19	91265973	10	20	A
19	90098567	10	20	A
19	89370549	10	20	A
19	90057799	10	20	A
19	89036995	10	20	A
19	89272579	10	20	A
19	89036996	10	20	A
19	89194488	10	20	A
19	91029001	10	20	A
19	90039102	10	20	A
19	91311613	10	20	A
19	91311614	10	20	A
19	89311321	10	20	A
19	90017165	10	20	A
19	90160086	10	20	A
19	91222277	10	20	A
19	89011751	10	20	A
19	89016009	10	20	A
19	90053646	10	20	A
19	88211078	10	20	A
19	88245153	10	20	A
19	89301846	10	20	A
19	88279312	10	20	A
19	89061790	10	20	A
19	91265982	10	20	A
19	89236266	10	20	A
19	89133765	10	20	A
19	88035892	10	20	A
19	88332874	10	20	A
19	90386729	10	20	A
19	89209658	10	20	A
19	90204403	10	20	A
19	88239997	10	20	A
19	89331012	10	20	A
19	91014328	10	20	A
19	91073355	10	20	A
19	91356072	10	20	A
19	90166039	10	20	A
19	91343329	10	20	A
19	88074412	10	20	A
19	88250714	10	20	A
19	88303058	10	20	A
19	89134424	10	20	A
19	91028565	10	20	A
19	90096084	10	20	A
19	90096085	10	20	A
19	90057773	10	20	A
19	88162941	10	20	A
19	90384197	10	20	A
19	91098528	10	20	A
19	90358917	10	20	A
19	89385531	10	20	A
19	90197683	10	20	A
19	89077184	10	20	A
19	91343330	10	20	A
19	90221626	10	20	A
19	91325190	10	20	A
19	90123456	10	20	A
19	91343616	10	20	A
19	91012398	10	20	A
19	90355650	10	20	A
19	88162513	10	20	A
19	90197415	10	20	A
19	90274492	10	20	A
19	89009416	10	20	A
19	89206840	10	20	A
19	91083728	10	20	A
19	90138548	10	20	A
19	91083729	10	20	A
19	90266835	10	20	A
19	90096096	10	20	A
19	91248438	10	20	A
19	89104678	10	20	A
19	89362276	10	20	A
19	88268408	10	20	A
19	88009758	10	20	A
19	88279814	10	20	A
19	89275637	10	20	A
19	88189945	10	20	A
19	90001731	10	20	A
19	91194011	10	20	A
19	88340080	10	20	A
20	91121963	10	20	A
20	90144806	10	20	A
20	90059604	10	20	A
20	89300706	10	20	A
20	90164383	10	20	A
20	88060192	10	20	A
20	90205981	10	20	A
20	88170651	10	20	A
20	90369344	10	20	A
20	89121386	10	20	A
20	91215984	10	20	A
20	89292551	10	20	A
20	88271087	10	20	A
20	88102789	10	20	A
20	89371682	10	20	A
20	89086625	10	20	A
20	89179048	10	20	A
20	91303381	10	20	A
20	90233590	10	20	A
20	87055094	10	20	A
20	87079404	10	20	A
20	87325284	10	20	A
20	87191661	10	20	A
20	87303579	10	20	A
20	87097184	10	20	A
20	87192199	10	20	A
21	87212454	10	20	A
21	87241840	10	20	A
21	87125460	10	20	A
21	87160218	10	20	A
21	87210369	10	20	A
21	87206473	10	20	A
21	87090638	10	20	A
21	87274491	10	20	A
21	87143232	10	20	A
21	87203109	10	20	A
21	87052435	10	20	A
21	87256532	10	20	A
21	87147436	10	20	A
21	87070103	10	20	A
21	87114425	10	20	A
21	87274453	10	20	A
21	87149399	10	20	A
21	87234623	10	20	A
21	87145769	10	20	A
21	87160200	10	20	A
21	87230434	10	20	A
21	89350421	10	20	A
21	89015821	10	20	A
21	91262708	10	20	A
21	88264613	10	20	A
21	88264614	10	20	A
21	89081266	10	20	A
21	88264615	10	20	A
21	88244851	10	20	A
21	88078711	10	20	A
21	89147275	10	20	A
21	88295542	10	20	A
21	88308683	10	20	A
21	89354629	10	20	A
21	89359472	10	20	A
21	89016005	10	20	A
21	90192541	10	20	A
21	89054068	10	20	A
21	89144618	10	20	A
21	88041499	10	20	A
21	89084665	10	20	A
21	89385648	10	20	A
21	89388476	10	20	A
21	89388477	10	20	A
21	89331012	10	20	A
21	91048240	10	20	A
21	90090662	10	20	A
21	89242314	10	20	A
21	90384352	10	20	A
21	89242315	10	20	A
21	89060318	10	20	A
21	91126574	10	20	A
21	89242317	10	20	A
21	88303059	10	20	A
21	91164952	10	20	A
21	91126577	10	20	A
21	89072850	10	20	A
21	88136428	10	20	A
21	91368653	10	20	A
21	88094617	10	20	A
21	89019565	10	20	A
21	89297207	10	20	A
21	88070976	10	20	A
21	89019568	10	20	A
21	89019569	10	20	A
21	89388483	10	20	A
21	88095987	10	20	A
21	90174741	10	20	A
21	88077213	10	20	A
21	90283687	10	20	A
21	91360116	10	20	A
21	88040071	10	20	A
21	88071005	10	20	A
21	89025105	10	20	A
21	88161154	10	20	A
21	89161019	10	20	A
21	88018190	10	20	A
21	88154904	10	20	A
21	91019676	10	20	A
21	88203928	10	20	A
21	88238173	10	20	A
21	88112885	10	20	A
21	88335376	10	20	A
21	88244819	10	20	A
21	88123740	10	20	A
21	90045582	10	20	A
21	89261611	10	20	A
21	88123741	10	20	A
21	89303425	10	20	A
21	88125362	10	20	A
21	90045584	10	20	A
21	90045585	10	20	A
21	91375734	10	20	A
21	89144652	10	20	A
21	91273684	10	20	A
21	91194943	10	20	A
21	91194945	10	20	A
21	88187862	10	20	A
21	88248784	10	20	A
21	89267197	10	20	A
21	88248788	10	20	A
21	90223155	10	20	A
21	90223156	10	20	A
21	91180234	10	20	A
21	90259013	10	20	A
21	89100545	10	20	A
21	89162161	10	20	A
21	91188315	10	20	A
21	89263324	10	20	A
21	89084711	10	20	A
21	88143357	10	20	A
21	89263327	10	20	A
21	91327649	10	20	A
21	89162169	10	20	A
21	89317673	10	20	A
21	88159378	10	20	A
21	89388447	10	20	A
21	88089785	10	20	A
21	89044241	10	20	A
21	89044243	10	20	A
21	88320195	10	20	A
21	91308780	10	20	A
21	88247512	10	20	A
21	90227764	10	20	A
21	90335494	10	20	A
21	88247513	10	20	A
21	89055093	10	20	A
21	89245992	10	20	A
21	90221630	10	20	A
21	90223171	10	20	A
21	89350420	10	20	A
21	91240366	10	20	A
21	91262704	10	20	A
22	91240449	10	20	A
22	91235275	10	20	A
22	91208581	10	20	A
22	89373221	10	20	A
22	91066555	10	20	A
22	89002667	10	20	A
22	91164468	10	20	A
22	91091757	10	20	A
22	91093783	10	20	A
22	90379752	10	20	A
22	89228187	10	20	A
22	88177753	10	20	A
22	91300414	10	20	A
22	89268696	10	20	A
22	90037162	10	20	A
22	91025237	10	20	A
22	91013915	10	20	A
22	90162092	10	20	A
22	89320324	10	20	A
22	87301287	10	20	A
22	87068419	10	20	A
22	87289436	10	20	A
22	87110290	10	20	A
22	87153024	10	20	A
22	87124342	10	20	A
23	87151456	10	20	A
23	87323774	10	20	A
23	87134848	10	20	A
23	87272420	10	20	A
23	87243872	10	20	A
23	87272980	10	20	A
23	87207928	10	20	A
23	87296074	10	20	A
23	87111403	10	20	A
23	87106499	10	20	A
23	87247938	10	20	A
23	87106501	10	20	A
23	90328570	10	20	A
23	90138554	10	20	A
23	89104564	10	20	A
23	89065423	10	20	A
23	88331734	10	20	A
23	88054390	10	20	A
23	88270337	10	20	A
23	89081463	10	20	A
23	88250493	10	20	A
23	89081464	10	20	A
23	89163836	10	20	A
23	89081468	10	20	A
23	89268672	10	20	A
23	88187853	10	20	A
23	90010018	10	20	A
23	90151015	10	20	A
23	91341810	10	20	A
23	90262053	10	20	A
23	90053129	10	20	A
23	91103376	10	20	A
23	88241232	10	20	A
23	90286051	10	20	A
23	90381434	10	20	A
23	90247343	10	20	A
23	90178043	10	20	A
23	91314564	10	20	A
23	90343176	10	20	A
23	90233862	10	20	A
23	88061137	10	20	A
23	90358144	10	20	A
23	90306728	10	20	A
23	88133066	10	20	A
23	88304219	10	20	A
23	89326053	10	20	A
23	89002647	10	20	A
23	90196705	10	20	A
23	88331743	10	20	A
23	90233867	10	20	A
23	89248361	10	20	A
23	90375838	10	20	A
23	89184094	10	20	A
23	89337940	10	20	A
23	90283669	10	20	A
23	89265493	10	20	A
23	89225894	10	20	A
23	89248808	10	20	A
23	88195769	10	20	A
23	90343180	10	20	A
23	90334515	10	20	A
23	89002650	10	20	A
23	89341213	10	20	A
23	91217651	10	20	A
23	91038409	10	20	A
23	88105972	10	20	A
23	91260788	10	20	A
23	89128663	10	20	A
23	89195038	10	20	A
23	89232874	10	20	A
23	89194860	10	20	A
23	89260698	10	20	A
23	89060000	10	20	A
23	90213126	10	20	A
23	91060055	10	20	A
23	91113831	10	20	A
23	89330052	10	20	A
23	90165119	10	20	A
23	90345138	10	20	A
23	90029364	10	20	A
23	88026642	10	20	A
23	89075016	10	20	A
23	90328168	10	20	A
23	88166317	10	20	A
23	90084839	10	20	A
23	89225277	10	20	A
23	89211994	10	20	A
23	91240360	10	20	A
23	90128072	10	20	A
23	90225911	10	20	A
24	91283711	10	20	A
24	91249250	10	20	A
24	91241456	10	20	A
24	91206627	10	20	A
24	91327507	10	20	A
24	90123388	10	20	A
24	90064880	10	20	A
24	91039556	10	20	A
24	90366836	10	20	A
24	89280077	10	20	A
24	91064589	10	20	A
24	89268073	10	20	A
24	90294389	10	20	A
24	88276078	10	20	A
24	90275878	10	20	A
24	89194681	10	20	A
24	88223968	10	20	A
24	91223327	10	20	A
24	90225921	10	20	A
24	90004738	10	20	A
24	90258152	10	20	A
24	91249224	10	20	A
24	89201734	10	20	A
24	91374642	10	20	A
24	91255745	10	20	A
24	88324735	10	20	A
24	88067911	10	20	A
24	88164275	10	20	A
24	90246659	10	20	A
24	91237884	10	20	A
24	89150892	10	20	A
24	88105965	10	20	A
24	91234977	10	20	A
24	90366847	10	20	A
24	89118853	10	20	A
24	88286880	10	20	A
24	91003233	10	20	A
24	89347868	10	20	A
24	90029310	10	20	A
24	89178898	10	20	A
24	90116078	10	20	A
24	88245402	10	20	A
24	88205922	10	20	A
24	89073622	10	20	A
24	90283636	10	20	A
24	91062947	10	20	A
24	91157348	10	20	A
24	91058368	10	20	A
24	88302928	10	20	A
24	90196474	10	20	A
24	89190627	10	20	A
24	90199428	10	20	A
24	89259146	10	20	A
24	91121051	10	20	A
24	91215404	10	20	A
24	89170112	10	20	A
24	90355293	10	20	A
24	91283663	10	20	A
24	88164173	10	20	A
24	91108884	10	20	A
24	88230648	10	20	A
24	91281649	10	20	A
24	88271257	10	20	A
24	89293732	10	20	A
24	89089018	10	20	A
24	88108497	10	20	A
24	88265695	10	20	A
24	91003217	10	20	A
24	90191520	10	20	A
24	91247113	10	20	A
24	91223317	10	20	A
24	90362116	10	20	A
24	88051601	10	20	A
24	90182092	10	20	A
24	87175255	10	20	A
24	87214873	10	20	A
24	87320787	10	20	A
24	87137792	10	20	A
24	87265172	10	20	A
24	87104904	10	20	A
24	87207482	10	20	A
24	87200425	10	20	A
24	87113028	10	20	A
24	87101842	10	20	A
24	87168510	10	20	A
24	87254549	10	20	A
25	87070337	10	20	A
25	87085660	10	20	A
25	87200561	10	20	A
25	87131823	10	20	A
25	87065639	10	20	A
25	90317642	10	20	A
25	91108770	10	20	A
25	90114299	10	20	A
25	89314028	10	20	A
25	89242236	10	20	A
25	91125587	10	20	A
25	91226685	10	20	A
25	88157154	10	20	A
25	91069195	10	20	A
25	90189248	10	20	A
25	89226970	10	20	A
25	90037799	10	20	A
25	91189829	10	20	A
25	90099759	10	20	A
25	91111234	10	20	A
25	90040515	10	20	A
25	91046052	10	20	A
25	91321219	10	20	A
25	90039108	10	20	A
25	91246630	10	20	A
25	90240277	10	20	A
25	90023584	10	20	A
25	89241215	10	20	A
25	91077702	10	20	A
25	90142928	10	20	A
25	90294236	10	20	A
25	91093707	10	20	A
25	90190764	10	20	A
25	88005476	10	20	A
25	88010588	10	20	A
25	88023098	10	20	A
25	90285680	10	20	A
25	89205573	10	20	A
25	89347440	10	20	A
25	90287365	10	20	A
25	91197293	10	20	A
25	91189652	10	20	A
25	88039475	10	20	A
25	90323400	10	20	A
25	90040540	10	20	A
25	90040541	10	20	A
25	91261151	10	20	A
25	90320552	10	20	A
25	90240942	10	20	A
26	88136042	10	20	A
26	91123567	10	20	A
26	91123568	10	20	A
26	91022669	10	20	A
26	89095080	10	20	A
26	89190706	10	20	A
26	91153886	10	20	A
26	89190707	10	20	A
26	88156409	10	20	A
26	91153887	10	20	A
26	90233898	10	20	A
26	91153888	10	20	A
26	91153889	10	20	A
26	88326566	10	20	A
26	89094455	10	20	A
26	89349192	10	20	A
26	90248987	10	20	A
26	88279385	10	20	A
26	89101122	10	20	A
26	90331253	10	20	A
26	90034218	10	20	A
26	91093722	10	20	A
26	91174048	10	20	A
26	91153890	10	20	A
26	91259640	10	20	A
26	89184070	10	20	A
26	91153891	10	20	A
26	88046561	10	20	A
26	91153892	10	20	A
26	91153893	10	20	A
26	91153894	10	20	A
26	91153895	10	20	A
26	88338616	10	20	A
26	91259649	10	20	A
26	89245576	10	20	A
26	89009398	10	20	A
26	90034221	10	20	A
26	90102316	10	20	A
26	91206424	10	20	A
26	91060246	10	20	A
26	88131115	10	20	A
26	91174053	10	20	A
26	91314418	10	20	A
26	87320462	10	20	A
26	87309619	10	20	A
26	87186886	10	20	A
26	87192032	10	20	A
26	87267355	10	20	A
26	87097278	10	20	A
27	87161003	10	20	A
27	87249835	10	20	A
27	90187555	10	20	A
27	90322575	10	20	A
27	89292388	10	20	A
28	90297032	10	20	A
28	91084920	10	20	A
28	91235275	10	20	A
28	90356713	10	20	A
28	91053558	10	20	A
28	89317370	10	20	A
28	89146082	10	20	A
28	91091757	10	20	A
28	89371471	10	20	A
28	88134727	10	20	A
28	89049427	10	20	A
28	88093267	10	20	A
28	91259675	10	20	A
28	88280579	10	20	A
28	89019983	10	20	A
28	91166999	10	20	A
28	90120721	10	20	A
28	90282133	10	20	A
28	90037162	10	20	A
28	88331025	10	20	A
28	89060126	10	20	A
28	90179313	10	20	A
28	91009465	10	20	A
28	89311561	10	20	A
28	88054162	10	20	A
28	91321298	10	20	A
28	89225730	10	20	A
28	88024608	10	20	A
28	88170390	10	20	A
28	91076635	10	20	A
28	91066555	10	20	A
28	90068914	10	20	A
28	91039448	10	20	A
28	88020966	10	20	A
28	90379752	10	20	A
28	88334097	10	20	A
28	89119746	10	20	A
28	89074586	10	20	A
28	91024400	10	20	A
28	90309400	10	20	A
28	90054522	10	20	A
28	89300520	10	20	A
28	91350830	10	20	A
28	91274124	10	20	A
28	91132716	10	20	A
28	91053471	10	20	A
28	90035571	10	20	A
28	89320324	10	20	A
29	89011742	10	20	A
29	90134717	10	20	A
29	91344390	10	20	A
29	90355740	10	20	A
29	90313809	10	20	A
29	89024095	10	20	A
29	91218089	10	20	A
29	90139448	10	20	A
29	91096806	10	20	A
29	90365349	10	20	A
29	89236254	10	20	A
29	89029308	10	20	A
29	89205529	10	20	A
29	89223467	10	20	A
29	89333772	10	20	A
29	89061784	10	20	A
29	88292397	10	20	A
29	90288788	10	20	A
29	88046899	10	20	A
29	91328121	10	20	A
29	91012419	10	20	A
29	89314110	10	20	A
29	91073620	10	20	A
29	91328122	10	20	A
29	91221427	10	20	A
29	91322625	10	20	A
29	90096231	10	20	A
29	91328125	10	20	A
29	91083226	10	20	A
29	91211549	10	20	A
29	89162115	10	20	A
29	91078037	10	20	A
29	90270836	10	20	A
29	90009787	10	20	A
29	88192138	10	20	A
29	88046824	10	20	A
29	88280905	10	20	A
29	88076264	10	20	A
29	88016828	10	20	A
29	91295466	10	20	A
29	88267650	10	20	A
29	89061792	10	20	A
29	88250949	10	20	A
29	91373996	10	20	A
29	90315000	10	20	A
29	89095478	10	20	A
29	89257957	10	20	A
29	89288766	10	20	A
29	90041830	10	20	A
29	88021062	10	20	A
29	91325107	10	20	A
29	88200155	10	20	A
29	90379200	10	20	A
29	88022236	10	20	A
29	90047453	10	20	A
29	88012157	10	20	A
29	89223323	10	20	A
29	88061901	10	20	A
29	91214907	10	20	A
29	91315628	10	20	A
29	91374419	10	20	A
29	90129387	10	20	A
29	89225907	10	20	A
29	91374975	10	20	A
29	89069283	10	20	A
29	89257928	10	20	A
29	89294856	10	20	A
29	91012158	10	20	A
29	90240570	10	20	A
29	91260118	10	20	A
29	90222438	10	20	A
29	90139431	10	20	A
29	88020904	10	20	A
29	91068055	10	20	A
29	89270460	10	20	A
29	89340930	10	20	A
29	91066672	10	20	A
29	90139438	10	20	A
29	90286790	10	20	A
29	89246606	10	20	A
29	89011778	10	20	A
29	89112299	10	20	A
29	90167378	10	20	A
29	91316886	10	20	A
29	88207396	10	20	A
29	88195147	10	20	A
29	91287748	10	20	A
29	88165666	10	20	A
29	89069298	10	20	A
29	88088389	10	20	A
29	91221414	10	20	A
29	91223710	10	20	A
29	91030147	10	20	A
29	91012447	10	20	A
29	90178150	10	20	A
28	87311458	10	20	A
28	87240496	10	20	A
28	87289420	10	20	A
28	87212501	10	20	A
28	87320117	10	20	A
28	87153024	10	20	A
28	87181509	10	20	A
28	87076266	10	20	A
28	87243874	10	20	A
28	87267576	10	20	A
28	87113154	10	20	A
28	87124342	10	20	A
28	87215521	10	20	A
29	87323216	10	20	A
29	87212094	10	20	A
29	87231485	10	20	A
29	87124809	10	20	A
29	87267462	10	20	A
29	87179377	10	20	A
29	87323221	10	20	A
29	87160170	10	20	A
29	87160173	10	20	A
29	87062082	10	20	A
29	87212268	10	20	A
29	87143728	10	20	A
29	87324594	10	20	A
29	87213448	10	20	A
29	87127376	10	20	A
29	87274377	10	20	A
29	87160157	10	20	A
29	87181764	10	20	A
29	87074488	10	20	A
29	87210110	10	20	A
28	87311458	10	20	A
28	87240496	10	20	A
28	87289420	10	20	A
28	87212501	10	20	A
28	87320117	10	20	A
28	87153024	10	20	A
28	87181509	10	20	A
28	87076266	10	20	A
28	87243874	10	20	A
28	87267576	10	20	A
28	87113154	10	20	A
28	87124342	10	20	A
28	87215521	10	20	A
29	87323216	10	20	A
29	87212094	10	20	A
29	87231485	10	20	A
29	87124809	10	20	A
29	87267462	10	20	A
29	87179377	10	20	A
29	87323221	10	20	A
29	87160170	10	20	A
29	87160173	10	20	A
29	87062082	10	20	A
29	87212268	10	20	A
29	87143728	10	20	A
29	87324594	10	20	A
29	87213448	10	20	A
29	87127376	10	20	A
29	87274377	10	20	A
29	87160157	10	20	A
29	87181764	10	20	A
29	87074488	10	20	A
29	87210110	10	20	A
29	87160162	10	20	A
30	90144275	10	20	A
30	90102497	10	20	A
30	90071691	10	20	A
30	88074033	10	20	A
30	89103157	10	20	A
30	91181546	10	20	A
30	91080387	10	20	A
30	90326439	10	20	A
30	88156404	10	20	A
30	89060374	10	20	A
30	91336818	10	20	A
30	91319646	10	20	A
30	88230777	10	20	A
30	88258931	10	20	A
30	89148088	10	20	A
30	89290955	10	20	A
30	89363693	10	20	A
30	89253788	10	20	A
30	91112162	10	20	A
30	90102506	10	20	A
30	90115611	10	20	A
30	91221343	10	20	A
30	90350661	10	20	A
30	91095520	10	20	A
30	91041289	10	20	A
30	90267703	10	20	A
30	88074044	10	20	A
30	90237348	10	20	A
30	90365553	10	20	A
30	90090974	10	20	A
30	91353917	10	20	A
30	88051772	10	20	A
30	88223736	10	20	A
30	89148090	10	20	A
30	91196925	10	20	A
30	89250729	10	20	A
30	88223739	10	20	A
30	89205939	10	20	A
30	90034222	10	20	A
30	91022422	10	20	A
30	91022423	10	20	A
30	90034224	10	20	A
30	90074304	10	20	A
30	91022427	10	20	A
30	90124930	10	20	A
30	91314652	10	20	A
30	90247315	10	20	A
30	89116205	10	20	A
30	90247317	10	20	A
30	89116206	10	20	A
30	88223740	10	20	A
30	88223741	10	20	A
30	89116208	10	20	A
30	89116209	10	20	A
30	89132562	10	20	A
30	89205940	10	20	A
30	89207165	10	20	A
30	89205941	10	20	A
30	88207148	10	20	A
30	91192891	10	20	A
30	89128660	10	20	A
30	89148109	10	20	A
30	91247495	10	20	A
30	91096827	10	20	A
30	89172088	10	20	A
30	89235746	10	20	A
30	89372467	10	20	A
30	88293787	10	20	A
30	88194969	10	20	A
30	91307211	10	20	A
30	91083241	10	20	A
30	90247321	10	20	A
30	89116211	10	20	A
30	89022820	10	20	A
30	90042818	10	20	A
30	90247325	10	20	A
30	90294216	10	20	A
30	91085262	10	20	A
30	91041469	10	20	A
30	89050528	10	20	A
30	91143758	10	20	A
30	91363817	10	20	A
30	90355379	10	20	A
30	91059747	10	20	A
30	89372474	10	20	A
30	88168818	10	20	A
30	91030148	10	20	A
30	91206308	10	20	A
30	91364151	10	20	A
30	91271570	10	20	A
30	91182318	10	20	A
30	89050533	10	20	A
30	91241619	10	20	A
30	89050534	10	20	A
30	90261196	10	20	A
30	91022686	10	20	A
30	89050535	10	20	A
30	90261197	10	20	A
30	89050537	10	20	A
30	90282568	10	20	A
30	88191752	10	20	A
30	91019598	10	20	A
30	88279387	10	20	A
30	91182321	10	20	A
30	91090153	10	20	A
30	90343172	10	20	A
30	89080023	10	20	A
30	90209921	10	20	A
30	91328129	10	20	A
30	88271153	10	20	A
30	91007867	10	20	A
30	91254658	10	20	A
30	88338615	10	20	A
30	89198251	10	20	A
30	89117846	10	20	A
30	90266939	10	20	A
30	88164396	10	20	A
30	91297882	10	20	A
30	88152979	10	20	A
30	88136699	10	20	A
30	91310250	10	20	A
30	91310251	10	20	A
30	90331601	10	20	A
30	91221153	10	20	A
30	91226320	10	20	A
30	91221154	10	20	A
30	90348111	10	20	A
30	91182331	10	20	A
30	91182332	10	20	A
30	91182333	10	20	A
30	91342470	10	20	A
30	89150027	10	20	A
30	89013461	10	20	A
30	89152361	10	20	A
30	89060039	10	20	A
30	89136162	10	20	A
30	91094447	10	20	A
30	88338620	10	20	A
30	89103297	10	20	A
30	91278940	10	20	A
30	88267108	10	20	A
30	88252690	10	20	A
30	89069324	10	20	A
30	89149276	10	20	A
30	88078939	10	20	A
30	91041423	10	20	A
30	91261322	10	20	A
30	89060040	10	20	A
30	91073083	10	20	A
30	90062771	10	20	A
30	90308048	10	20	A
30	90102488	10	20	A
30	90102489	10	20	A
30	91206738	10	20	A
30	89110278	10	20	A
30	91083924	10	20	A
30	91083925	10	20	A
30	89060366	10	20	A
30	91083926	10	20	A
30	91256853	10	20	A
30	91083927	10	20	A
30	89142735	10	20	A
30	91083928	10	20	A
30	90376865	10	20	A
30	88326576	10	20	A
30	89156737	10	20	A
30	91117003	10	20	A
30	89040130	10	20	A
30	90102491	10	20	A
30	90102493	10	20	A
30	91008381	10	20	A
30	89040135	10	20	A
30	87199692	10	20	A
30	87188219	10	20	A
30	87267596	10	20	A
30	87267597	10	20	A
30	87267599	10	20	A
30	87219903	10	20	A
30	87267603	10	20	A
30	87209709	10	20	A
30	87209719	10	20	A
30	87255400	10	20	A
30	87209720	10	20	A
30	87209721	10	20	A
30	87209723	10	20	A
30	87083923	10	20	A
30	87312930	10	20	A
30	87313831	10	20	A
30	87097399	10	20	A
31	87201761	10	20	A
31	87058532	10	20	A
31	87170012	10	20	A
31	87302652	10	20	A
31	87302655	10	20	A
31	87181741	10	20	A
31	87155706	10	20	A
31	87096562	10	20	A
31	87140264	10	20	A
31	87141596	10	20	A
31	87155637	10	20	A
31	87079248	10	20	A
31	87223174	10	20	A
31	87318250	10	20	A
31	87254703	10	20	A
31	87245272	10	20	A
31	87225357	10	20	A
31	87138393	10	20	A
31	87063007	10	20	A
31	88211429	10	20	A
31	88049007	10	20	A
31	91246627	10	20	A
31	88145911	10	20	A
31	91193249	10	20	A
31	89106906	10	20	A
31	89077080	10	20	A
31	88183733	10	20	A
31	90332127	10	20	A
31	89103240	10	20	A
31	90055541	10	20	A
31	90274273	10	20	A
31	91347633	10	20	A
31	91288332	10	20	A
31	90084656	10	20	A
31	89024948	10	20	A
31	89094908	10	20	A
31	91030242	10	20	A
31	91233051	10	20	A
31	91093312	10	20	A
31	91005373	10	20	A
31	88131533	10	20	A
31	91356073	10	20	A
31	91322917	10	20	A
31	89022932	10	20	A
31	91356075	10	20	A
31	88182540	10	20	A
31	89074315	10	20	A
31	89019527	10	20	A
31	89048715	10	20	A
31	89061927	10	20	A
31	88188288	10	20	A
31	90320720	10	20	A
31	91270312	10	20	A
31	90144540	10	20	A
31	91012835	10	20	A
31	90024717	10	20	A
31	90105717	10	20	A
31	88132152	10	20	A
31	90070672	10	20	A
31	88026243	10	20	A
31	90273282	10	20	A
31	90315772	10	20	A
31	91093562	10	20	A
31	88120772	10	20	A
31	89244701	10	20	A
31	88251291	10	20	A
31	89150717	10	20	A
31	89135409	10	20	A
31	89152890	10	20	A
31	89341868	10	20	A
31	90023514	10	20	A
31	91213516	10	20	A
31	90248222	10	20	A
31	90220783	10	20	A
32	90264741	10	20	A
32	88202355	10	20	A
32	90009295	10	20	A
32	90024929	10	20	A
32	88145316	10	20	A
32	88146164	10	20	A
32	90259437	10	20	A
32	89177513	10	20	A
32	88140389	10	20	A
32	88247607	10	20	A
32	89206935	10	20	A
32	89040499	10	20	A
32	89232578	10	20	A
32	88269067	10	20	A
32	88178868	10	20	A
32	91283042	10	20	A
32	89202703	10	20	A
32	89103047	10	20	A
32	90195811	10	20	A
32	89220448	10	20	A
32	88004368	10	20	A
32	88004369	10	20	A
32	89330754	10	20	A
32	89246822	10	20	A
32	88180916	10	20	A
32	89022966	10	20	A
32	88177745	10	20	A
32	91185879	10	20	A
32	90206303	10	20	A
32	90164330	10	20	A
32	88018211	10	20	A
32	91223454	10	20	A
32	91070880	10	20	A
32	90273390	10	20	A
32	91205197	10	20	A
32	89242236	10	20	A
32	89317155	10	20	A
32	91369182	10	20	A
32	89017744	10	20	A
32	89272156	10	20	A
32	89205269	10	20	A
32	89344166	10	20	A
32	88160848	10	20	A
32	88246776	10	20	A
32	89365494	10	20	A
32	90230012	10	20	A
32	89297288	10	20	A
32	89125202	10	20	A
32	90081760	10	20	A
32	91042918	10	20	A
32	90342746	10	20	A
32	89010881	10	20	A
32	91148761	10	20	A
32	89209910	10	20	A
32	88252743	10	20	A
32	91000022	10	20	A
32	90103301	10	20	A
32	88199629	10	20	A
32	90317640	10	20	A
32	87283027	10	20	A
32	87063648	10	20	A
32	87285880	10	20	A
32	87201017	10	20	A
32	87110490	10	20	A
32	87197360	10	20	A
32	87240572	10	20	A
32	87132169	10	20	A
32	87281742	10	20	A
32	87121320	10	20	A
32	87325300	10	20	A
32	87233610	10	20	A
32	87110833	10	20	A
32	87165601	10	20	A
32	87211792	10	20	A
32	87218349	10	20	A
32	87238628	10	20	A
32	87288824	10	20	A
33	87130571	10	20	A
33	87234803	10	20	A
33	87139861	10	20	A
33	87099273	10	20	A
33	87234886	10	20	A
33	87318559	10	20	A
33	87211423	10	20	A
33	87073061	10	20	A
33	87318560	10	20	A
33	87092979	10	20	A
33	87308850	10	20	A
33	87318572	10	20	A
33	87318574	10	20	A
33	87110522	10	20	A
33	87312042	10	20	A
33	87212187	10	20	A
33	87094384	10	20	A
33	87117886	10	20	A
33	87272351	10	20	A
33	87261910	10	20	A
33	87267731	10	20	A
33	87067994	10	20	A
33	91298320	10	20	A
33	91168090	10	20	A
33	91039390	10	20	A
33	89142506	10	20	A
33	90381664	10	20	A
33	89044570	10	20	A
33	88127254	10	20	A
33	90381665	10	20	A
33	89320385	10	20	A
33	91327269	10	20	A
33	91173369	10	20	A
33	89042790	10	20	A
33	90381667	10	20	A
33	90314779	10	20	A
33	88290931	10	20	A
33	90381669	10	20	A
33	89135775	10	20	A
33	89081986	10	20	A
33	91134027	10	20	A
33	91019801	10	20	A
33	91003864	10	20	A
33	89022082	10	20	A
33	88001653	10	20	A
33	89051315	10	20	A
33	90165092	10	20	A
33	88204145	10	20	A
33	89227553	10	20	A
33	88105966	10	20	A
33	91167777	10	20	A
33	89135787	10	20	A
33	91068879	10	20	A
33	88098169	10	20	A
33	89367827	10	20	A
33	91191202	10	20	A
33	91022265	10	20	A
33	90223191	10	20	A
33	91168111	10	20	A
33	89051324	10	20	A
33	90283831	10	20	A
33	91093436	10	20	A
33	88250318	10	20	A
33	90019953	10	20	A
33	88293060	10	20	A
33	90098029	10	20	A
33	88251283	10	20	A
33	90272981	10	20	A
33	88190365	10	20	A
33	89237526	10	20	A
33	88164286	10	20	A
33	91368659	10	20	A
33	89146568	10	20	A
33	89099642	10	20	A
33	89194980	10	20	A
33	89099644	10	20	A
33	91223300	10	20	A
33	90151430	10	20	A
33	90341132	10	20	A
33	90124143	10	20	A
33	91111218	10	20	A
33	90282071	10	20	A
33	91019822	10	20	A
33	88071152	10	20	A
33	90245705	10	20	A
33	88253152	10	20	A
33	91283705	10	20	A
33	89303727	10	20	A
33	90140989	10	20	A
33	90096178	10	20	A
33	88149066	10	20	A
33	91194685	10	20	A
33	89382670	10	20	A
33	89336357	10	20	A
33	89387681	10	20	A
33	89194992	10	20	A
33	90222481	10	20	A
33	90161086	10	20	A
33	90161087	10	20	A
33	90018367	10	20	A
33	90218185	10	20	A
33	89226134	10	20	A
33	90009377	10	20	A
33	91057733	10	20	A
33	91089153	10	20	A
33	91118817	10	20	A
33	91135584	10	20	A
33	89185051	10	20	A
33	90379109	10	20	A
33	91297551	10	20	A
33	90378057	10	20	A
33	90296247	10	20	A
33	88016972	10	20	A
33	88016973	10	20	A
33	89301876	10	20	A
33	89206458	10	20	A
33	90188439	10	20	A
33	88194265	10	20	A
33	88187852	10	20	A
33	90240471	10	20	A
33	90113238	10	20	A
33	90047208	10	20	A
33	90017168	10	20	A
33	91048354	10	20	A
33	88252603	10	20	A
33	88214309	10	20	A
33	88208625	10	20	A
33	89132197	10	20	A
33	90227587	10	20	A
33	89027293	10	20	A
33	89353385	10	20	A
33	89353387	10	20	A
33	88248469	10	20	A
33	90150018	10	20	A
33	91171325	10	20	A
33	90162075	10	20	A
33	91242922	10	20	A
33	91211677	10	20	A
33	88301635	10	20	A
33	88150724	10	20	A
33	88304544	10	20	A
33	91165726	10	20	A
33	88234953	10	20	A
33	90356777	10	20	A
33	90356779	10	20	A
33	88210202	10	20	A
33	91316400	10	20	A
33	91003845	10	20	A
33	91240439	10	20	A
33	91282136	10	20	A
33	90084634	10	20	A
33	89075014	10	20	A
33	91282138	10	20	A
33	89075015	10	20	A
33	90366742	10	20	A
33	88148216	10	20	A
33	89202685	10	20	A
33	90068755	10	20	A
33	91360788	10	20	A
33	89042789	10	20	A
33	89274986	10	20	A
33	91022243	10	20	A
33	91240443	10	20	A
33	89206011	10	20	A
33	88043105	10	20	A
33	89072111	10	20	A
33	91134732	10	20	A
34	88022266	10	20	A
34	88138106	10	20	A
34	90037772	10	20	A
34	88218162	10	20	A
34	88035228	10	20	A
34	90154683	10	20	A
34	90049729	10	20	A
34	89324456	10	20	A
34	88008918	10	20	A
34	90382786	10	20	A
34	89181886	10	20	A
34	91051472	10	20	A
34	87102518	10	20	A
34	87070380	10	20	A
34	87055107	10	20	A
34	87182719	10	20	A
34	87079944	10	20	A
35	87125380	10	20	A
35	87323663	10	20	A
35	87111399	10	20	A
35	87186290	10	20	A
35	87239755	10	20	A
35	87058486	10	20	A
35	87050653	10	20	A
35	87286014	10	20	A
35	87155695	10	20	A
35	87182112	10	20	A
35	87309369	10	20	A
35	87309370	10	20	A
35	87240776	10	20	A
35	87094393	10	20	A
35	87154031	10	20	A
35	87101884	10	20	A
35	87325426	10	20	A
35	87073356	10	20	A
35	87143665	10	20	A
35	89164202	10	20	A
35	88233522	10	20	A
35	91273158	10	20	A
35	90178515	10	20	A
35	90119565	10	20	A
35	88338801	10	20	A
35	89215726	10	20	A
35	89087242	10	20	A
35	89215727	10	20	A
35	89087244	10	20	A
35	89227545	10	20	A
35	88192287	10	20	A
35	88192288	10	20	A
35	88289542	10	20	A
35	91307031	10	20	A
35	91023228	10	20	A
35	90072515	10	20	A
35	91136283	10	20	A
35	88164350	10	20	A
35	89027333	10	20	A
35	90092837	10	20	A
35	89205617	10	20	A
35	90159737	10	20	A
35	90199177	10	20	A
35	90146869	10	20	A
35	88022869	10	20	A
35	88324739	10	20	A
35	90215331	10	20	A
35	91103345	10	20	A
35	90322816	10	20	A
35	91147940	10	20	A
35	90146870	10	20	A
35	90095356	10	20	A
35	90209818	10	20	A
35	88074533	10	20	A
35	90338594	10	20	A
35	88318828	10	20	A
35	88171499	10	20	A
35	91354103	10	20	A
35	90250418	10	20	A
35	88125501	10	20	A
35	88226107	10	20	A
35	91353770	10	20	A
35	91273184	10	20	A
35	90350928	10	20	A
35	90010999	10	20	A
35	90355618	10	20	A
35	90218495	10	20	A
35	91181577	10	20	A
35	89080087	10	20	A
35	89349540	10	20	A
35	88076329	10	20	A
35	88075277	10	20	A
35	90289828	10	20	A
35	90289829	10	20	A
35	89139767	10	20	A
35	88189709	10	20	A
35	90038122	10	20	A
35	88021440	10	20	A
35	91206621	10	20	A
35	91106193	10	20	A
35	90203459	10	20	A
35	90247416	10	20	A
35	89152029	10	20	A
35	89080092	10	20	A
35	89230198	10	20	A
35	91294488	10	20	A
35	89103207	10	20	A
35	91228413	10	20	A
35	88006067	10	20	A
35	90350948	10	20	A
35	89103685	10	20	A
35	88096183	10	20	A
35	88074881	10	20	A
35	90298593	10	20	A
35	88189562	10	20	A
35	91122336	10	20	A
35	91353801	10	20	A
35	91214187	10	20	A
35	88140760	10	20	A
35	91214188	10	20	A
35	88047125	10	20	A
35	88140761	10	20	A
35	91156572	10	20	A
35	91022869	10	20	A
35	88207266	10	20	A
35	88154287	10	20	A
35	89309573	10	20	A
35	89064477	10	20	A
35	88088418	10	20	A
35	90289856	10	20	A
35	91023202	10	20	A
35	91307013	10	20	A
35	90172047	10	20	A
35	88040743	10	20	A
35	90042857	10	20	A
35	91039463	10	20	A
35	91148085	10	20	A
35	90053865	10	20	A
35	88028426	10	20	A
35	89124833	10	20	A
35	90379371	10	20	A
35	90072499	10	20	A
35	89055094	10	20	A
35	89320859	10	20	A
35	91268759	10	20	A
35	90004804	10	20	A
35	88021403	10	20	A
35	88207121	10	20	A
35	91071633	10	20	A
36	90342671	10	20	A
36	88211427	10	20	A
36	90243574	10	20	A
36	88227403	10	20	A
36	88156403	10	20	A
36	91365605	10	20	A
36	88032293	10	20	A
36	91317663	10	20	A
36	88006772	10	20	A
36	90316758	10	20	A
36	91267753	10	20	A
36	88006774	10	20	A
36	90098564	10	20	A
36	88168820	10	20	A
36	88006776	10	20	A
36	89173834	10	20	A
36	89127839	10	20	A
36	89339996	10	20	A
36	90153235	10	20	A
36	91118820	10	20	A
36	90316760	10	20	A
36	90383059	10	20	A
36	89047137	10	20	A
36	90129738	10	20	A
36	90129739	10	20	A
36	88256643	10	20	A
36	89007495	10	20	A
36	89233719	10	20	A
36	89253791	10	20	A
36	89264088	10	20	A
36	88079737	10	20	A
36	90008140	10	20	A
36	88267977	10	20	A
36	91044447	10	20	A
36	89233720	10	20	A
36	89149032	10	20	A
36	91247499	10	20	A
36	89254459	10	20	A
36	88095988	10	20	A
36	89125003	10	20	A
36	91273063	10	20	A
36	90216194	10	20	A
36	90240579	10	20	A
36	90285067	10	20	A
36	89254462	10	20	A
36	88236585	10	20	A
36	88085953	10	20	A
36	88085954	10	20	A
36	88138778	10	20	A
36	91302052	10	20	A
36	91107280	10	20	A
36	88120622	10	20	A
36	91259130	10	20	A
36	91259131	10	20	A
36	87146148	10	20	A
36	87144019	10	20	A
36	87165061	10	20	A
36	87165063	10	20	A
36	87193762	10	20	A
36	87193764	10	20	A
36	87193766	10	20	A
36	87136562	10	20	A
36	87211786	10	20	A
36	87235549	10	20	A
36	87249745	10	20	A
36	87155203	10	20	A
36	87212682	10	20	A
36	87136571	10	20	A
36	87230389	10	20	A
37	87160329	10	20	A
37	87302568	10	20	A
37	87117277	10	20	A
37	87131938	10	20	A
37	87175105	10	20	A
37	87252706	10	20	A
37	87056761	10	20	A
37	87324358	10	20	A
37	87098108	10	20	A
37	87117887	10	20	A
37	87052091	10	20	A
37	87052093	10	20	A
37	87197130	10	20	A
37	87292631	10	20	A
37	87127107	10	20	A
37	87239317	10	20	A
37	87250113	10	20	A
37	87112822	10	20	A
37	91341843	10	20	A
37	91241575	10	20	A
37	88022059	10	20	A
37	89300663	10	20	A
37	89157115	10	20	A
37	88205186	10	20	A
37	88107293	10	20	A
37	91278128	10	20	A
37	88245506	10	20	A
37	90156459	10	20	A
37	89190562	10	20	A
37	89183673	10	20	A
37	91189828	10	20	A
37	90087997	10	20	A
37	89086792	10	20	A
37	88154788	10	20	A
37	90004214	10	20	A
37	91307150	10	20	A
37	91005362	10	20	A
37	90231369	10	20	A
37	88245510	10	20	A
37	90107277	10	20	A
37	88139005	10	20	A
37	90263467	10	20	A
37	88117382	10	20	A
37	89109029	10	20	A
37	91193772	10	20	A
37	88159324	10	20	A
37	89208843	10	20	A
37	88075095	10	20	A
37	89152279	10	20	A
37	88281874	10	20	A
37	88001461	10	20	A
37	90042880	10	20	A
37	90008582	10	20	A
37	90266820	10	20	A
37	91052584	10	20	A
37	88036117	10	20	A
37	88182340	10	20	A
37	91057194	10	20	A
37	91039657	10	20	A
37	89165912	10	20	A
37	88068173	10	20	A
37	88221768	10	20	A
37	89205984	10	20	A
37	88227747	10	20	A
37	89007949	10	20	A
37	88255567	10	20	A
37	91271998	10	20	A
37	89205986	10	20	A
37	88256378	10	20	A
37	91164998	10	20	A
37	90112526	10	20	A
37	91023642	10	20	A
37	90134182	10	20	A
37	90205264	10	20	A
37	88326410	10	20	A
37	91218435	10	20	A
37	90318922	10	20	A
37	89140238	10	20	A
37	90342909	10	20	A
37	91282618	10	20	A
37	88332419	10	20	A
37	90383916	10	20	A
37	89086706	10	20	A
37	91378666	10	20	A
37	88189709	10	20	A
37	89077993	10	20	A
37	91052602	10	20	A
37	91052128	10	20	A
37	88251221	10	20	A
37	88011363	10	20	A
37	90083631	10	20	A
37	88011364	10	20	A
37	89304106	10	20	A
38	90317642	10	20	A
38	89025226	10	20	A
38	89014570	10	20	A
38	90302957	10	20	A
38	89314028	10	20	A
38	91226468	10	20	A
38	88162166	10	20	A
38	91069195	10	20	A
38	88162168	10	20	A
38	89361475	10	20	A
38	89361476	10	20	A
38	88088752	10	20	A
38	90090016	10	20	A
38	91022814	10	20	A
38	89314031	10	20	A
38	91132365	10	20	A
38	91053067	10	20	A
38	90257620	10	20	A
38	91332587	10	20	A
38	89334632	10	20	A
38	88162178	10	20	A
38	90039389	10	20	A
38	88039493	10	20	A
38	89261899	10	20	A
38	88267975	10	20	A
38	89387588	10	20	A
38	88326002	10	20	A
38	91261156	10	20	A
38	90191148	10	20	A
38	91344456	10	20	A
38	88142945	10	20	A
38	88048098	10	20	A
38	89182485	10	20	A
38	90132727	10	20	A
38	91128208	10	20	A
38	90137290	10	20	A
38	91226651	10	20	A
38	90356064	10	20	A
38	90158704	10	20	A
38	88252740	10	20	A
38	89261911	10	20	A
38	89261912	10	20	A
38	88014586	10	20	A
38	88171546	10	20	A
38	89365622	10	20	A
38	90136769	10	20	A
38	90188429	10	20	A
38	89082826	10	20	A
38	88108774	10	20	A
38	88108775	10	20	A
38	88334918	10	20	A
38	89182493	10	20	A
38	89349909	10	20	A
38	89364978	10	20	A
38	91061152	10	20	A
38	91061153	10	20	A
38	91172430	10	20	A
38	90144432	10	20	A
38	90055054	10	20	A
38	90137261	10	20	A
38	91038144	10	20	A
38	90240942	10	20	A
38	87085660	10	20	A
38	87310511	10	20	A
38	87125505	10	20	A
38	87298041	10	20	A
38	87101985	10	20	A
38	87282516	10	20	A
38	87155198	10	20	A
38	87172888	10	20	A
38	87240108	10	20	A
38	87090640	10	20	A
38	87155207	10	20	A
38	87156095	10	20	A
38	87287770	10	20	A
38	87172894	10	20	A
38	87287771	10	20	A
38	87077399	10	20	A
39	87303574	10	20	A
39	87303586	10	20	A
39	87104976	10	20	A
39	87288728	10	20	A
39	87282756	10	20	A
39	87094594	10	20	A
39	87282758	10	20	A
39	87323283	10	20	A
39	87323287	10	20	A
39	87084419	10	20	A
39	87317298	10	20	A
39	87199100	10	20	A
39	87084426	10	20	A
39	87203759	10	20	A
39	87296070	10	20	A
39	87217937	10	20	A
39	90265274	10	20	A
39	90259434	10	20	A
39	89216137	10	20	A
39	89077042	10	20	A
39	90225919	10	20	A
39	89040854	10	20	A
39	91284806	10	20	A
39	91284807	10	20	A
39	91290965	10	20	A
39	90386195	10	20	A
39	88263167	10	20	A
39	88147817	10	20	A
39	90001826	10	20	A
39	90126144	10	20	A
39	90276130	10	20	A
39	89060303	10	20	A
39	89341203	10	20	A
39	89060304	10	20	A
39	91121953	10	20	A
39	91046454	10	20	A
39	91284811	10	20	A
39	90028934	10	20	A
39	88332911	10	20	A
39	88263170	10	20	A
39	88263171	10	20	A
39	89062804	10	20	A
39	88110993	10	20	A
39	91368249	10	20	A
39	88117866	10	20	A
39	89176675	10	20	A
39	90001833	10	20	A
39	89120507	10	20	A
39	89150622	10	20	A
39	88162342	10	20	A
39	90193841	10	20	A
39	91232769	10	20	A
39	88258713	10	20	A
39	89016891	10	20	A
39	90210011	10	20	A
39	89038676	10	20	A
39	89337954	10	20	A
39	89038679	10	20	A
39	88077768	10	20	A
39	91010613	10	20	A
39	90119515	10	20	A
39	90375052	10	20	A
39	90276151	10	20	A
39	91316444	10	20	A
39	91005665	10	20	A
39	91005666	10	20	A
39	89321623	10	20	A
39	91336283	10	20	A
39	91304864	10	20	A
39	88132158	10	20	A
39	91336285	10	20	A
39	89170076	10	20	A
39	88296061	10	20	A
39	88005478	10	20	A
39	89170078	10	20	A
39	88254446	10	20	A
39	89078127	10	20	A
39	89038680	10	20	A
39	89029294	10	20	A
39	89284580	10	20	A
39	89038683	10	20	A
39	88296067	10	20	A
39	89337962	10	20	A
39	91005118	10	20	A
39	91316370	10	20	A
39	90120839	10	20	A
39	91052808	10	20	A
39	88241262	10	20	A
39	89050534	10	20	A
39	90213973	10	20	A
39	88254450	10	20	A
39	88254451	10	20	A
39	89055227	10	20	A
39	88147532	10	20	A
39	88254453	10	20	A
39	88293163	10	20	A
39	90076981	10	20	A
39	90359982	10	20	A
39	90038132	10	20	A
39	90023409	10	20	A
39	90146422	10	20	A
39	91123619	10	20	A
39	91366027	10	20	A
39	88110955	10	20	A
39	88267251	10	20	A
39	89353067	10	20	A
39	88160991	10	20	A
39	89252466	10	20	A
39	89196156	10	20	A
39	90200722	10	20	A
39	91110194	10	20	A
39	91005690	10	20	A
39	90190173	10	20	A
39	89251024	10	20	A
39	91068045	10	20	A
39	91005694	10	20	A
39	89276031	10	20	A
39	90148618	10	20	A
39	91068049	10	20	A
39	90315489	10	20	A
39	90248648	10	20	A
39	88324863	10	20	A
39	90377828	10	20	A
39	90240170	10	20	A
39	89011052	10	20	A
39	90240571	10	20	A
39	90315490	10	20	A
39	91156581	10	20	A
39	88174055	10	20	A
39	89226725	10	20	A
39	91284791	10	20	A
39	91290956	10	20	A
39	89196170	10	20	A
39	89196171	10	20	A
39	88197441	10	20	A
39	90146689	10	20	A
39	91284795	10	20	A
39	91003050	10	20	A
39	91003051	10	20	A
39	91070105	10	20	A
39	90006505	10	20	A
39	90038007	10	20	A
39	91030909	10	20	A
40	90144653	10	20	A
40	90080961	10	20	A
40	89044135	10	20	A
40	89118820	10	20	A
40	88108543	10	20	A
40	90047638	10	20	A
40	91176815	10	20	A
40	91307388	10	20	A
40	89090752	10	20	A
40	90377826	10	20	A
40	89210003	10	20	A
40	90102822	10	20	A
40	90034215	10	20	A
40	88304210	10	20	A
40	90265400	10	20	A
40	89073010	10	20	A
40	90119334	10	20	A
40	90025780	10	20	A
40	91206256	10	20	A
40	89138031	10	20	A
40	90247227	10	20	A
40	88131544	10	20	A
40	88296021	10	20	A
40	88220169	10	20	A
40	88305462	10	20	A
40	90280719	10	20	A
40	88159303	10	20	A
40	88251293	10	20	A
40	88003937	10	20	A
40	91097148	10	20	A
40	89244525	10	20	A
40	88192137	10	20	A
40	90367572	10	20	A
40	88159441	10	20	A
40	90164868	10	20	A
40	91198709	10	20	A
40	88081957	10	20	A
40	89265599	10	20	A
40	91160230	10	20	A
40	91003252	10	20	A
40	88200131	10	20	A
40	88100060	10	20	A
40	90107622	10	20	A
40	90240561	10	20	A
40	90240482	10	20	A
40	90320539	10	20	A
40	87175270	10	20	A
40	87104929	10	20	A
40	87261882	10	20	A
40	87097740	10	20	A
40	87098255	10	20	A
40	87147978	10	20	A
40	87124238	10	20	A
40	87303528	10	20	A
40	87154138	10	20	A
40	87073375	10	20	A
40	87152936	10	20	A
40	87068462	10	20	A
41	87111990	10	20	A
41	87275460	10	20	A
41	87269485	10	20	A
41	87189728	10	20	A
41	90322755	10	20	A
41	90045753	10	20	A
41	91057750	10	20	A
41	88010368	10	20	A
41	91356460	10	20	A
41	90309456	10	20	A
41	91296451	10	20	A
41	90196057	10	20	A
41	88271156	10	20	A
41	89090373	10	20	A
41	88267253	10	20	A
41	88274078	10	20	A
41	91316989	10	20	A
41	88283289	10	20	A
41	91061210	10	20	A
41	90051481	10	20	A
41	90053444	10	20	A
41	88003318	10	20	A
41	90195016	10	20	A
42	89044153	10	20	A
42	88103590	10	20	A
42	91096822	10	20	A
42	88105935	10	20	A
42	88151439	10	20	A
42	90266845	10	20	A
42	88147534	10	20	A
42	90266846	10	20	A
42	89027546	10	20	A
42	90266847	10	20	A
42	88087723	10	20	A
42	89328707	10	20	A
42	88279325	10	20	A
42	91258488	10	20	A
42	88099728	10	20	A
42	90039101	10	20	A
42	90207005	10	20	A
42	91101490	10	20	A
42	90132406	10	20	A
42	88331300	10	20	A
42	91101491	10	20	A
42	91207521	10	20	A
42	90130925	10	20	A
42	90270353	10	20	A
42	88133143	10	20	A
42	90342762	10	20	A
42	90164382	10	20	A
42	91314646	10	20	A
42	88215812	10	20	A
42	90340668	10	20	A
42	90178148	10	20	A
42	89356250	10	20	A
42	90172487	10	20	A
42	91163597	10	20	A
42	89133629	10	20	A
42	88087731	10	20	A
42	89148292	10	20	A
42	88046845	10	20	A
42	88239917	10	20	A
42	89119984	10	20	A
42	89191868	10	20	A
42	88176698	10	20	A
42	90032541	10	20	A
42	91101481	10	20	A
42	90300338	10	20	A
42	90310518	10	20	A
42	91101484	10	20	A
42	91140176	10	20	A
42	91101485	10	20	A
42	91053552	10	20	A
42	90262047	10	20	A
42	90313807	10	20	A
42	91290082	10	20	A
42	87212263	10	20	A
42	87175260	10	20	A
42	87127089	10	20	A
42	87178593	10	20	A
43	87325433	10	20	A
43	87097365	10	20	A
43	87110530	10	20	A
43	87239050	10	20	A
43	87268207	10	20	A
43	87268208	10	20	A
43	87325286	10	20	A
43	87175268	10	20	A
43	87195986	10	20	A
43	87070032	10	20	A
43	87070033	10	20	A
43	87154262	10	20	A
43	87073860	10	20	A
43	87268667	10	20	A
43	88104269	10	20	A
43	89047086	10	20	A
43	91179982	10	20	A
43	88184783	10	20	A
43	88283369	10	20	A
43	89047929	10	20	A
43	88079729	10	20	A
43	90011108	10	20	A
43	90021545	10	20	A
43	90021546	10	20	A
43	90064650	10	20	A
43	89060340	10	20	A
43	88107304	10	20	A
43	90070655	10	20	A
43	88250063	10	20	A
43	89096121	10	20	A
43	88190910	10	20	A
43	88161525	10	20	A
43	88324732	10	20	A
43	91189830	10	20	A
43	88191963	10	20	A
43	88147747	10	20	A
43	88277971	10	20	A
43	89148497	10	20	A
43	88021420	10	20	A
43	88279799	10	20	A
43	91058205	10	20	A
43	90025672	10	20	A
43	89070073	10	20	A
43	89070075	10	20	A
43	91273690	10	20	A
43	88027447	10	20	A
43	88258550	10	20	A
43	89243483	10	20	A
43	89373319	10	20	A
43	91037995	10	20	A
43	89177336	10	20	A
43	88171497	10	20	A
43	88191978	10	20	A
43	91011463	10	20	A
43	90140822	10	20	A
43	90339050	10	20	A
43	88171500	10	20	A
43	90339051	10	20	A
43	90350922	10	20	A
43	88021435	10	20	A
43	90147019	10	20	A
43	91043563	10	20	A
43	88021436	10	20	A
43	89080721	10	20	A
43	89096220	10	20	A
43	91277740	10	20	A
43	90337359	10	20	A
43	89013559	10	20	A
43	91368825	10	20	A
43	88218807	10	20	A
43	91169819	10	20	A
43	89270749	10	20	A
43	88229658	10	20	A
43	89294788	10	20	A
44	89100627	10	20	A
44	88071207	10	20	A
44	91062844	10	20	A
44	90084643	10	20	A
44	89060534	10	20	A
44	91357582	10	20	A
44	89152727	10	20	A
44	91091798	10	20	A
44	90268389	10	20	A
44	90150040	10	20	A
44	90116301	10	20	A
44	91300409	10	20	A
44	91018331	10	20	A
44	91127433	10	20	A
44	91062850	10	20	A
44	89232404	10	20	A
44	90025484	10	20	A
44	90084633	10	20	A
44	91314546	10	20	A
44	89060821	10	20	A
44	91344940	10	20	A
44	91221749	10	20	A
44	89155701	10	20	A
44	90274275	10	20	A
44	91036791	10	20	A
44	91066554	10	20	A
44	90274276	10	20	A
44	88167602	10	20	A
44	91091748	10	20	A
44	89058802	10	20	A
44	91327297	10	20	A
44	88076165	10	20	A
44	90383298	10	20	A
44	91293488	10	20	A
44	88231699	10	20	A
44	89293177	10	20	A
44	88198572	10	20	A
44	90161106	10	20	A
44	90161008	10	20	A
44	90150039	10	20	A
44	88210235	10	20	A
44	91015257	10	20	A
44	87097328	10	20	A
44	87238674	10	20	A
44	87313503	10	20	A
44	87246007	10	20	A
44	87097330	10	20	A
44	87159182	10	20	A
44	87296660	10	20	A
44	87269858	10	20	A
45	87212518	10	20	A
45	87070373	10	20	A
45	87175260	10	20	A
45	87070374	10	20	A
45	87070368	10	20	A
45	87139660	10	20	A
45	87083772	10	20	A
45	91035824	10	20	A
45	89132057	10	20	A
45	88115831	10	20	A
45	89060375	10	20	A
45	90069826	10	20	A
45	88228418	10	20	A
45	88053737	10	20	A
45	89322876	10	20	A
45	89195833	10	20	A
45	90009210	10	20	A
45	88078769	10	20	A
45	91101490	10	20	A
45	91101483	10	20	A
45	91262061	10	20	A
45	90320718	10	20	A
46	89093021	10	20	A
46	88250063	10	20	A
46	90042792	10	20	A
46	88216053	10	20	A
46	88021149	10	20	A
46	88007226	10	20	A
46	88007209	10	20	A
46	88007191	10	20	A
46	89231390	10	20	A
46	90384354	10	20	A
46	90309673	10	20	A
46	89264080	10	20	A
46	90299704	10	20	A
46	88298600	10	20	A
46	88088535	10	20	A
46	89390888	10	20	A
46	90026511	10	20	A
46	90042821	10	20	A
46	90113832	10	20	A
46	90158033	10	20	A
46	88142412	10	20	A
46	90158034	10	20	A
46	91041655	10	20	A
46	90158035	10	20	A
46	91016617	10	20	A
46	87324361	10	20	A
46	87114527	10	20	A
46	87143662	10	20	A
46	87289271	10	20	A
46	87200900	10	20	A
46	87250108	10	20	A
47	87125394	10	20	A
47	87111399	10	20	A
47	87240776	10	20	A
47	87094393	10	20	A
47	87074478	10	20	A
47	87256893	10	20	A
47	87226599	10	20	A
47	87155420	10	20	A
47	87114375	10	20	A
47	87101884	10	20	A
47	87073356	10	20	A
47	87084427	10	20	A
47	87055358	10	20	A
47	87309369	10	20	A
47	87239755	10	20	A
47	87231501	10	20	A
47	91273172	10	20	A
47	89103075	10	20	A
47	88140760	10	20	A
47	88184321	10	20	A
47	91156572	10	20	A
47	89206371	10	20	A
47	89152029	10	20	A
47	88201368	10	20	A
47	90263557	10	20	A
47	90209818	10	20	A
47	89206273	10	20	A
47	88088411	10	20	A
47	89230198	10	20	A
47	88088418	10	20	A
47	88289542	10	20	A
47	88196485	10	20	A
47	91023202	10	20	A
47	90004216	10	20	A
47	91241402	10	20	A
47	91307031	10	20	A
47	88161001	10	20	A
47	91354103	10	20	A
47	88011630	10	20	A
47	90053443	10	20	A
47	88162310	10	20	A
47	88040720	10	20	A
47	90171192	10	20	A
47	88125501	10	20	A
47	91213880	10	20	A
47	90145257	10	20	A
47	91273184	10	20	A
47	91168543	10	20	A
47	90355618	10	20	A
47	88028426	10	20	A
47	91181577	10	20	A
47	90249628	10	20	A
47	90199177	10	20	A
47	88076329	10	20	A
47	89309567	10	20	A
47	91268759	10	20	A
47	88189709	10	20	A
47	90038122	10	20	A
47	91021219	10	20	A
47	88300009	10	20	A
47	88207121	10	20	A
48	89302723	10	20	A
48	88162164	10	20	A
48	91125588	10	20	A
48	88162167	10	20	A
48	91189662	10	20	A
48	91069199	10	20	A
48	89017883	10	20	A
48	89279363	10	20	A
48	90300302	10	20	A
48	90089699	10	20	A
48	89149976	10	20	A
48	91210816	10	20	A
48	91226235	10	20	A
48	91378201	10	20	A
48	91261147	10	20	A
48	91283080	10	20	A
48	90286052	10	20	A
48	90155814	10	20	A
48	88021419	10	20	A
48	91158540	10	20	A
48	90055068	10	20	A
48	90373057	10	20	A
48	90055069	10	20	A
48	91083905	10	20	A
48	90261766	10	20	A
48	88116418	10	20	A
48	88075531	10	20	A
48	90264719	10	20	A
48	88235591	10	20	A
48	88235593	10	20	A
48	89351848	10	20	A
48	89296664	10	20	A
48	90011751	10	20	A
48	91171041	10	20	A
48	89387588	10	20	A
48	91160235	10	20	A
48	88127112	10	20	A
48	91344450	10	20	A
48	90300559	10	20	A
48	89110705	10	20	A
48	89035640	10	20	A
48	90250568	10	20	A
48	91037198	10	20	A
48	90137289	10	20	A
48	91112979	10	20	A
48	89235743	10	20	A
48	89372781	10	20	A
48	90223042	10	20	A
48	89110312	10	20	A
48	91206614	10	20	A
48	88326014	10	20	A
48	89023471	10	20	A
48	88214408	10	20	A
48	89014725	10	20	A
48	88065036	10	20	A
48	91055466	10	20	A
48	89133860	10	20	A
48	91038738	10	20	A
48	90057747	10	20	A
48	91294916	10	20	A
48	88073852	10	20	A
48	91332689	10	20	A
48	88251658	10	20	A
48	89082828	10	20	A
48	89349909	10	20	A
48	90303080	10	20	A
48	88300205	10	20	A
48	90144432	10	20	A
48	91124253	10	20	A
48	87231920	10	20	A
48	87292136	10	20	A
48	87168245	10	20	A
48	87282500	10	20	A
48	87151465	10	20	A
48	87314001	10	20	A
48	87297048	10	20	A
48	87099448	10	20	A
48	87269439	10	20	A
49	87155539	10	20	A
49	87113047	10	20	A
49	87155820	10	20	A
49	87252428	10	20	A
49	87093733	10	20	A
49	87182194	10	20	A
49	87169942	10	20	A
49	87226559	10	20	A
49	87233612	10	20	A
49	87147901	10	20	A
49	87324456	10	20	A
49	87117269	10	20	A
49	87325467	10	20	A
49	87295956	10	20	A
49	89241206	10	20	A
49	88334402	10	20	A
49	90088044	10	20	A
49	89073402	10	20	A
49	89023129	10	20	A
49	89073403	10	20	A
49	89227340	10	20	A
49	88046450	10	20	A
49	90363483	10	20	A
49	88334406	10	20	A
49	89082315	10	20	A
49	89055901	10	20	A
49	88146280	10	20	A
49	89271445	10	20	A
49	89073409	10	20	A
49	88265464	10	20	A
49	88159833	10	20	A
49	88275589	10	20	A
49	88014041	10	20	A
49	91047542	10	20	A
49	88081412	10	20	A
49	91095522	10	20	A
49	89054460	10	20	A
49	88221439	10	20	A
49	90342767	10	20	A
49	90295806	10	20	A
49	88249075	10	20	A
49	88037755	10	20	A
49	90379199	10	20	A
49	90187959	10	20	A
49	89278767	10	20	A
49	91019611	10	20	A
49	89360040	10	20	A
49	88028051	10	20	A
49	88249120	10	20	A
49	91311787	10	20	A
49	89116246	10	20	A
49	89223481	10	20	A
49	90309449	10	20	A
49	88123556	10	20	A
49	88128363	10	20	A
49	89056533	10	20	A
49	89243482	10	20	A
49	89043583	10	20	A
49	90349960	10	20	A
49	89043584	10	20	A
49	89049605	10	20	A
49	89198061	10	20	A
49	88043883	10	20	A
49	89090794	10	20	A
49	89368526	10	20	A
49	90265020	10	20	A
49	90100269	10	20	A
49	91253620	10	20	A
49	90062570	10	20	A
49	91119054	10	20	A
49	88312057	10	20	A
49	91233187	10	20	A
49	91262059	10	20	A
49	90087506	10	20	A
49	90365058	10	20	A
49	88094540	10	20	A
49	88289210	10	20	A
49	88267630	10	20	A
49	90266792	10	20	A
49	88084229	10	20	A
49	88274085	10	20	A
49	89223496	10	20	A
49	89037395	10	20	A
49	89208469	10	20	A
49	88077695	10	20	A
49	88158697	10	20	A
49	91325204	10	20	A
49	89073400	10	20	A
49	88220335	10	20	A
50	89140129	10	20	A
50	88004077	10	20	A
50	88166106	10	20	A
50	88292350	10	20	A
50	90154576	10	20	A
50	88141519	10	20	A
50	91307189	10	20	A
50	89075182	10	20	A
50	91059693	10	20	A
50	88292356	10	20	A
50	88075349	10	20	A
50	89234972	10	20	A
50	90039879	10	20	A
50	88075468	10	20	A
50	90141434	10	20	A
50	91247007	10	20	A
50	89004268	10	20	A
50	89135187	10	20	A
50	90248658	10	20	A
50	88325747	10	20	A
50	88164676	10	20	A
50	89261938	10	20	A
50	90101500	10	20	A
50	91307202	10	20	A
50	89301251	10	20	A
50	91146370	10	20	A
50	89301253	10	20	A
50	87225461	10	20	A
50	87281226	10	20	A
50	87063084	10	20	A
50	87132547	10	20	A
50	87111995	10	20	A
50	87245664	10	20	A
50	87058619	10	20	A
50	87245666	10	20	A
50	87074992	10	20	A
50	87079788	10	20	A
50	87070524	10	20	A
50	87126072	10	20	A
50	87126055	10	20	A
50	87297032	10	20	A
50	87251856	10	20	A
50	87260487	10	20	A
50	87154558	10	20	A
50	87110321	10	20	A
50	87211380	10	20	A
50	87115234	10	20	A
51	87313972	10	20	A
51	87168569	10	20	A
51	87269883	10	20	A
51	87320030	10	20	A
51	87201814	10	20	A
51	87187049	10	20	A
51	87197446	10	20	A
51	87098985	10	20	A
51	87232753	10	20	A
51	87074556	10	20	A
51	87130630	10	20	A
51	87187023	10	20	A
51	87144519	10	20	A
51	87182692	10	20	A
51	87197462	10	20	A
51	87320020	10	20	A
51	87320024	10	20	A
51	87127113	10	20	A
51	90182535	10	20	A
51	88026614	10	20	A
51	91134377	10	20	A
51	91126675	10	20	A
51	91094347	10	20	A
51	91062884	10	20	A
51	91318756	10	20	A
51	88171636	10	20	A
51	89289241	10	20	A
51	89289243	10	20	A
51	91179469	10	20	A
51	89289246	10	20	A
51	90132823	10	20	A
51	90132826	10	20	A
51	91243445	10	20	A
51	90253265	10	20	A
51	90132827	10	20	A
51	91303198	10	20	A
51	88210188	10	20	A
51	89119343	10	20	A
51	91339095	10	20	A
51	90199650	10	20	A
51	89289251	10	20	A
51	88275474	10	20	A
51	89367866	10	20	A
51	88061500	10	20	A
51	88061501	10	20	A
51	90362171	10	20	A
51	88270312	10	20	A
51	91199005	10	20	A
51	91132695	10	20	A
51	89303751	10	20	A
51	90384518	10	20	A
51	90075918	10	20	A
51	89336624	10	20	A
51	89089523	10	20	A
51	90149984	10	20	A
51	88195774	10	20	A
51	91003840	10	20	A
51	91155131	10	20	A
51	91240357	10	20	A
51	88143007	10	20	A
51	88253114	10	20	A
51	90111794	10	20	A
51	90274292	10	20	A
51	88065039	10	20	A
51	88061475	10	20	A
51	88061476	10	20	A
51	91154849	10	20	A
51	88046967	10	20	A
51	90172011	10	20	A
51	90172013	10	20	A
51	88100422	10	20	A
51	91069110	10	20	A
51	90304732	10	20	A
51	90135244	10	20	A
51	91024382	10	20	A
52	87217604	10	20	A
52	87231483	10	20	A
52	87238691	10	20	A
52	87268870	10	20	A
52	87275100	10	20	A
53	87127168	10	20	A
53	87316241	10	20	A
53	87309420	10	20	A
53	87110801	10	20	A
53	87167188	10	20	A
53	87304917	10	20	A
52	91336813	10	20	A
52	91102230	10	20	A
52	89187649	10	20	A
52	89094900	10	20	A
52	88105692	10	20	A
52	88292327	10	20	A
52	88016990	10	20	A
52	89231576	10	20	A
52	90023092	10	20	A
52	88023042	10	20	A
52	89167507	10	20	A
52	89202697	10	20	A
52	91209063	10	20	A
53	89054680	10	20	A
53	89381148	10	20	A
53	91103438	10	20	A
54	90302954	10	20	A
54	88133470	10	20	A
54	89302193	10	20	A
54	88132619	10	20	A
54	91350948	10	20	A
54	88258540	10	20	A
54	88250944	10	20	A
54	88250945	10	20	A
54	90179855	10	20	A
54	88108775	10	20	A
54	88132620	10	20	A
54	88334004	10	20	A
54	87292323	10	20	A
54	87160158	10	20	A
54	87325049	10	20	A
54	87183626	10	20	A
54	87172888	10	20	A
54	87172889	10	20	A
54	87202343	10	20	A
54	87156110	10	20	A
55	87207409	10	20	A
55	87079409	10	20	A
55	87210225	10	20	A
55	87207410	10	20	A
55	87207411	10	20	A
55	87126137	10	20	A
55	87254541	10	20	A
55	87267710	10	20	A
55	87205794	10	20	A
55	87117888	10	20	A
55	88306080	10	20	A
55	90196117	10	20	A
55	88306081	10	20	A
55	88306084	10	20	A
55	88037562	10	20	A
55	90295816	10	20	A
55	89156409	10	20	A
55	88118629	10	20	A
55	88338609	10	20	A
55	88295527	10	20	A
55	91141130	10	20	A
55	91141132	10	20	A
55	91247105	10	20	A
55	90054715	10	20	A
55	91144186	10	20	A
55	89156410	10	20	A
55	89248003	10	20	A
55	91046455	10	20	A
55	88338610	10	20	A
55	91233964	10	20	A
55	89156414	10	20	A
55	90038892	10	20	A
55	88271256	10	20	A
55	89003999	10	20	A
55	89257777	10	20	A
55	90010824	10	20	A
55	91012385	10	20	A
55	88132161	10	20	A
55	91205193	10	20	A
55	90144436	10	20	A
56	90043187	10	20	A
56	89121391	10	20	A
56	90178901	10	20	A
56	89151236	10	20	A
56	89035336	10	20	A
56	88161292	10	20	A
56	88313509	10	20	A
56	88065037	10	20	A
56	88324373	10	20	A
56	89306436	10	20	A
56	88170654	10	20	A
56	89261941	10	20	A
56	89184550	10	20	A
56	89390562	10	20	A
56	89019538	10	20	A
56	88271864	10	20	A
56	88164728	10	20	A
56	88087935	10	20	A
56	88196763	10	20	A
56	88271878	10	20	A
56	91010714	10	20	A
56	90063081	10	20	A
56	91022806	10	20	A
56	91053228	10	20	A
56	87077850	10	20	A
56	87159185	10	20	A
56	87308859	10	20	A
56	87102461	10	20	A
57	87225360	10	20	A
57	87197122	10	20	A
57	87209636	10	20	A
57	87209897	10	20	A
57	90178133	10	20	A
57	91129811	10	20	A
57	91229127	10	20	A
57	90320649	10	20	A
57	90138561	10	20	A
57	89080451	10	20	A
57	89047611	10	20	A
57	90144567	10	20	A
57	88053642	10	20	A
57	89373530	10	20	A
57	90257726	10	20	A
57	90144579	10	20	A
57	91359391	10	20	A
57	88060918	10	20	A
57	91056389	10	20	A
57	89132666	10	20	A
57	90086649	10	20	A
57	89024947	10	20	A
57	89128657	10	20	A
57	89245937	10	20	A
57	88267189	10	20	A
57	91212331	10	20	A
57	90010617	10	20	A
57	91022554	10	20	A
57	88051323	10	20	A
57	90039118	10	20	A
58	89388481	10	20	A
58	91272049	10	20	A
58	90307772	10	20	A
58	88159389	10	20	A
58	91019673	10	20	A
58	89044254	10	20	A
58	88215824	10	20	A
58	90107117	10	20	A
58	91333699	10	20	A
58	90281107	10	20	A
58	87109372	10	20	A
58	87234635	10	20	A
58	87292378	10	20	A
59	87104907	10	20	A
59	87281427	10	20	A
59	87323774	10	20	A
59	87158545	10	20	A
59	87134848	10	20	A
59	87161181	10	20	A
59	87217137	10	20	A
59	87247938	10	20	A
59	87067993	10	20	A
59	87110505	10	20	A
59	91217651	10	20	A
59	91096008	10	20	A
59	91038409	10	20	A
59	89010575	10	20	A
59	90086724	10	20	A
59	88054390	10	20	A
59	89081463	10	20	A
59	91260788	10	20	A
59	89081465	10	20	A
59	89009385	10	20	A
59	89128663	10	20	A
59	88214299	10	20	A
59	89163836	10	20	A
59	89081468	10	20	A
59	88271883	10	20	A
59	89257780	10	20	A
59	89323897	10	20	A
59	88271887	10	20	A
59	90151015	10	20	A
59	89060000	10	20	A
59	91060055	10	20	A
59	91038410	10	20	A
59	90053129	10	20	A
59	88061134	10	20	A
59	88061135	10	20	A
59	90343176	10	20	A
59	90029960	10	20	A
59	88304219	10	20	A
59	88214426	10	20	A
59	89202563	10	20	A
59	88026642	10	20	A
59	88048604	10	20	A
59	90273945	10	20	A
59	90188580	10	20	A
59	88166317	10	20	A
59	90084839	10	20	A
59	90217968	10	20	A
59	89225277	10	20	A
59	89048680	10	20	A
59	89231299	10	20	A
59	89337940	10	20	A
59	89225894	10	20	A
59	90053911	10	20	A
59	90225911	10	20	A
59	90334515	10	20	A
60	90220784	10	20	A
60	90309481	10	20	A
60	90174238	10	20	A
60	88241263	10	20	A
60	88021087	10	20	A
60	90039419	10	20	A
60	91156518	10	20	A
60	90114939	10	20	A
60	90272926	10	20	A
60	91189226	10	20	A
60	90318693	10	20	A
60	89165650	10	20	A
60	89104586	10	20	A
60	90097377	10	20	A
60	89116728	10	20	A
60	91096809	10	20	A
60	91256569	10	20	A
60	91189827	10	20	A
60	89244873	10	20	A
60	89198309	10	20	A
60	90294869	10	20	A
60	88287762	10	20	A
60	89008879	10	20	A
60	91042911	10	20	A
60	90042635	10	20	A
60	89092022	10	20	A
60	91220775	10	20	A
60	91059543	10	20	A
60	90383292	10	20	A
60	88054461	10	20	A
60	89123526	10	20	A
60	90191475	10	20	A
60	90192546	10	20	A
60	90313798	10	20	A
60	90272939	10	20	A
60	91088754	10	20	A
60	89017577	10	20	A
60	90294859	10	20	A
60	89125788	10	20	A
60	90200381	10	20	A
60	90242621	10	20	A
60	91023790	10	20	A
60	90230944	10	20	A
60	91046461	10	20	A
60	87316330	10	20	A
60	87055275	10	20	A
60	87124892	10	20	A
60	87234845	10	20	A
60	87237893	10	20	A
60	87114243	10	20	A
61	87316326	10	20	A
61	87181409	10	20	A
61	87097517	10	20	A
61	87316320	10	20	A
61	87114244	10	20	A
61	87322900	10	20	A
61	91226903	10	20	A
61	89300507	10	20	A
61	90159450	10	20	A
61	88004267	10	20	A
61	91231694	10	20	A
61	91088432	10	20	A
61	90319841	10	20	A
61	91333908	10	20	A
61	91297080	10	20	A
61	91151955	10	20	A
61	88010992	10	20	A
61	91281648	10	20	A
61	89225293	10	20	A
61	90286772	10	20	A
61	88313685	10	20	A
61	88307475	10	20	A
61	90294198	10	20	A
61	88172298	10	20	A
61	89344747	10	20	A
61	91120632	10	20	A
61	90102642	10	20	A
61	88250310	10	20	A
61	91044091	10	20	A
61	91044094	10	20	A
61	90328180	10	20	A
61	88117330	10	20	A
62	91060872	10	20	A
62	90086812	10	20	A
62	89164107	10	20	A
62	90270919	10	20	A
62	89373530	10	20	A
62	91353927	10	20	A
62	91165854	10	20	A
62	88215717	10	20	A
62	91368804	10	20	A
62	89184082	10	20	A
62	91056389	10	20	A
62	89333726	10	20	A
62	89128657	10	20	A
62	88172799	10	20	A
62	91212331	10	20	A
62	90032163	10	20	A
62	90213063	10	20	A
62	91140172	10	20	A
62	91272330	10	20	A
62	90072225	10	20	A
62	90259031	10	20	A
62	90090192	10	20	A
62	89316121	10	20	A
62	87124616	10	20	A
62	87152597	10	20	A
62	87258095	10	20	A
62	87209897	10	20	A
63	87153292	10	20	A
63	87191714	10	20	A
63	87220025	10	20	A
63	87320116	10	20	A
63	90086720	10	20	A
63	91158215	10	20	A
63	89202633	10	20	A
63	89132065	10	20	A
63	88006075	10	20	A
63	89125352	10	20	A
63	90144791	10	20	A
63	90102797	10	20	A
63	90062568	10	20	A
63	90053479	10	20	A
63	89265601	10	20	A
63	90187147	10	20	A
63	89080219	10	20	A
63	88108705	10	20	A
63	91157069	10	20	A
63	89258313	10	20	A
63	91127865	10	20	A
63	90062949	10	20	A
63	89190507	10	20	A
63	88120767	10	20	A
63	88089024	10	20	A
63	89196142	10	20	A
63	90165668	10	20	A
63	89351870	10	20	A
63	88307376	10	20	A
63	88279503	10	20	A
63	88191818	10	20	A
63	91194497	10	20	A
63	91277496	10	20	A
63	91096785	10	20	A
63	88323777	10	20	A
63	88136867	10	20	A
63	89149977	10	20	A
63	90314123	10	20	A
63	90193112	10	20	A
63	91122580	10	20	A
63	88103602	10	20	A
63	90253109	10	20	A
63	89080220	10	20	A
63	90111279	10	20	A
63	90232293	10	20	A
63	90155812	10	20	A
63	91171138	10	20	A
63	91055524	10	20	A
63	91171139	10	20	A
63	89092103	10	20	A
63	91283046	10	20	A
63	91058370	10	20	A
63	89130355	10	20	A
63	90060597	10	20	A
63	89300691	10	20	A
63	91354564	10	20	A
63	91185890	10	20	A
63	91096754	10	20	A
63	89263915	10	20	A
63	89148178	10	20	A
63	89256565	10	20	A
63	89285757	10	20	A
63	90300139	10	20	A
63	90280721	10	20	A
63	91041690	10	20	A
63	91327062	10	20	A
63	91003738	10	20	A