200	13130152	1	0	0
200	15328419	2	0	0
200	16030085	3	0	0
200	16234277	4	0	0
200	10556254	5	0	0
200	10501412	6	0	0
200	16204271	7	0	0
200	16049051	8	0	0
200	10725062	9	0	0
200	14623950	10	0	0
200	12867580	11	0	0
200	12393574	12	0	0
200	15611284	13	0	0
200	15814577	14	0	0
200	14623949	15	0	0
200	12810926	16	0	0
200	15353611	17	0	0
200	11934958	18	0	0
200	15004260	19	0	0
200	12642603	20	0	0
200	12426233	21	0	0
200	12509623	22	0	0
200	15797980	23	0	0
200	11934968	24	0	0
200	15001474	25	0	0
200	12730535	26	0	0
200	10817766	27	0	0
200	15575012	28	0	0
200	10888701	29	0	0
200	14764622	30	0	0
200	11865077	31	0	0
200	15494351	32	0	0
200	12730502	33	0	0
200	15947027	34	0	0
200	10534542	35	0	0
200	12595613	36	0	0
200	11067882	37	0	0
200	11717187	38	0	0
200	12270983	39	0	0
200	11035132	40	0	0
200	11806976	41	0	0
200	16204302	42	0	0
200	15827042	43	0	0
200	12867581	44	0	0
200	14963203	45	0	0
200	10438407	46	0	0
200	10534541	47	0	0
200	12048290	48	0	0
200	10725079	49	0	0
200	10501442	50	0	0
200	15150432	51	0	0
200	15479757	52	0	0
200	15024133	53	0	0
200	12626795	54	0	0
200	11961171	55	0	0
200	15494350	56	0	0
200	11071982	57	0	0
200	15644391	58	0	0
200	10875881	59	0	0
200	12777642	60	0	0
200	15342925	61	0	0
200	14726373	62	0	0
200	11006364	63	0	0
200	12595612	64	0	0
200	15661832	65	0	0
200	11575349	66	0	0
200	15054157	67	0	0
200	15774545	68	0	0
200	10501431	69	0	0
200	10587550	70	0	0
200	11427645	71	0	0
200	16061723	72	0	0
200	14747618	73	0	0
200	11208990	74	0	0
200	16251219	75	0	0
200	12509624	76	0	0
200	9104818	77	0	0
200	15735247	78	0	0
200	12270986	79	0	0
200	10233892	80	0	0
200	15927996	81	0	0
200	11085805	82	0	0
200	13679478	83	0	0
200	15479755	84	0	0
200	12468814	85	0	0
200	10069423	86	0	0
200	10534557	87	0	0
200	16188950	88	0	0
200	15840673	89	0	0
200	10515652	90	0	0
200	9463405	91	0	0
200	10662869	92	0	0
200	12917264	93	0	0
200	16330812	94	0	0
200	11104812	95	0	0
200	12209030	96	0	0
200	15173550	97	0	0
200	10692530	98	0	0
200	10489235	99	0	0
200	15173204	100	0	0
200	11870099	101	0	0
200	10952745	102	0	0
200	12048287	103	0	0
200	15788438	104	0	0
200	10817773	105	0	0
200	15522921	106	0	0
200	15166038	107	0	0
200	14718514	108	0	0
200	12709540	109	0	0
200	12709534	110	0	0
200	14645206	111	0	0
200	16076883	112	0	0
200	15102965	113	0	0
200	11865108	114	0	0
200	15381672	115	0	0
200	15870153	116	0	0
200	11007829	117	0	0
200	10986300	118	0	0
200	8996242	119	0	0
200	12048299	120	0	0
200	12595622	121	0	0
200	12730512	122	0	0
200	10556268	123	0	0
200	11369648	124	0	0
200	11961163	125	0	0
200	12154204	126	0	0
200	12637662	127	0	0
200	10580016	128	0	0
200	11477167	129	0	0
200	10817776	130	0	0
200	16144797	131	0	0
200	14767012	132	0	0
200	10477553	133	0	0
200	10359584	134	0	0
200	11961173	135	0	0
200	11035126	136	0	0
200	9354660	137	0	0
200	15914499	138	0	0
200	16169862	139	0	0
200	11035137	140	0	0
200	12147803	141	0	0
200	12642600	142	0	0
200	14963223	143	0	0
200	15797972	144	0	0
200	15731360	145	0	0
200	11489951	146	0	0
200	14736945	147	0	0
200	10508186	148	0	0
200	15026584	149	0	0
200	10788531	150	0	0
200	12869511	151	0	0
200	12011374	152	0	0
200	15304673	153	0	0
200	10986308	154	0	0
200	15705633	155	0	0
200	15333586	156	0	0
200	15927998	157	0	0
200	12364626	158	0	0
200	15897279	159	0	0
200	16159950	160	0	0
200	15128881	161	0	0
200	11724719	162	0	0
200	12907441	163	0	0
200	11526090	164	0	0
200	15941730	165	0	0
200	15757967	166	0	0
200	12649405	167	0	0
200	12176913	168	0	0
200	15509628	169	0	0
200	12454207	170	0	0
200	11522889	171	0	0
200	12791657	172	0	0
200	9653081	173	0	0
200	15466914	174	0	0
200	11961180	175	0	0
200	15342927	176	0	0
200	15956092	177	0	0
200	11035141	178	0	0
200	11886968	179	0	0
200	12907438	180	0	0
200	12937250	181	0	0
200	15166399	182	0	0
200	15598709	183	0	0
200	15004265	184	0	0
200	16230478	185	0	0
200	16260486	186	0	0
200	11994421	187	0	0
200	9269765	188	0	0
200	14963204	189	0	0
200	10917893	190	0	0
200	15987711	191	0	0
200	9463403	192	0	0
200	15100330	193	0	0
200	12730519	194	0	0
200	12642605	195	0	0
200	15069174	196	0	0
200	11007765	197	0	0
200	12867584	198	0	0
200	10788530	199	0	0
200	15928001	200	0	0
200	15280571	201	0	0
200	15173602	202	0	0
200	14872100	203	0	0
200	15226518	204	0	0
200	11387272	205	0	0
200	15901907	206	0	0
200	10433197	207	0	0
200	15367746	208	0	0
200	16330816	209	0	0
200	14695357	210	0	0
200	16251389	211	0	0
200	12060582	212	0	0
200	10570103	213	0	0
200	11792893	214	0	0
200	12509635	215	0	0
200	15972354	216	0	0
200	15956090	217	0	0
200	14757744	218	0	0
200	10357959	219	0	0
200	11328927	220	0	0
200	10515646	221	0	0
200	11136902	222	0	0
200	15757968	223	0	0
200	15213333	224	0	0
200	12209037	225	0	0
200	14736982	226	0	0
200	12719372	227	0	0
200	11035123	228	0	0
200	12923269	229	0	0
200	15262899	230	0	0
200	10556253	231	0	0
200	15673694	232	0	0
200	12048286	233	0	0
200	12422000	234	0	0
200	10893224	235	0	0
200	10986301	236	0	0
200	9808541	237	0	0
200	12209031	238	0	0
200	10809793	239	0	0
200	15479749	240	0	0
200	11477149	241	0	0
200	10934224	242	0	0
200	15003982	243	0	0
200	14983104	244	0	0
200	10700470	245	0	0
200	12730538	246	0	0
200	12096228	247	0	0
200	11526096	248	0	0
200	9440807	249	0	0
200	10648671	250	0	0
200	16030039	251	0	0
200	15716320	252	0	0
200	12953096	253	0	0
200	15797975	254	0	0
200	15501998	255	0	0
200	15501997	256	0	0
200	9808588	257	0	0
200	10489230	258	0	0
200	11961182	259	0	0
200	12595628	260	0	0
200	11981048	261	0	0
200	11934974	262	0	0
200	11961165	263	0	0
200	14504101	264	0	0
200	15150078	265	0	0
200	12235207	266	0	0
200	11961181	267	0	0
200	11522852	268	0	0
200	14970181	269	0	0
200	15985510	270	0	0
200	11058571	271	0	0
200	15210447	272	0	0
200	12771445	273	0	0
200	15870182	274	0	0
200	14718649	275	0	0
200	14578436	276	0	0
200	10978392	277	0	0
200	12686658	278	0	0
200	15266059	279	0	0
200	15536065	280	0	0
200	12480958	281	0	0
200	15263031	282	0	0
200	15315975	283	0	0
200	10817771	284	0	0
200	15855209	285	0	0
200	12917256	286	0	0
200	9348302	287	0	0
200	10556275	288	0	0
200	15187239	289	0	0
200	10090921	290	0	0
200	12393658	291	0	0
200	14736977	292	0	0
200	12105240	293	0	0
200	12676738	294	0	0
200	15507529	295	0	0
200	9927515	296	0	0
200	9808571	297	0	0
200	10852995	298	0	0
200	11961164	299	0	0
200	14736960	300	0	0
200	12011382	301	0	0
200	10817777	302	0	0
200	11961169	303	0	0
200	15128703	304	0	0
200	11682680	305	0	0
200	12209028	306	0	0
200	14592838	307	0	0
200	14767014	308	0	0
200	9192751	309	0	0
200	12832713	310	0	0
200	11159506	311	0	0
200	15173206	312	0	0
200	12096236	313	0	0
200	11157053	314	0	0
200	10556270	315	0	0
200	15728237	316	0	0
200	11934962	317	0	0
200	11805148	318	0	0
200	14726437	319	0	0
200	11245607	320	0	0
200	12208880	321	0	0
200	16204273	322	0	0
200	10607744	323	0	0
200	12867578	324	0	0
200	10590067	325	0	0
200	12959992	326	0	0
200	11574504	327	0	0
200	11136872	328	0	0
200	10888699	329	0	0
200	12393462	330	0	0
200	15572388	331	0	0
200	11085822	332	0	0
200	15031363	333	0	0
200	15240787	334	0	0
200	9730900	335	0	0
200	12649400	336	0	0
200	9696695	337	0	0
200	12456587	338	0	0
200	14764608	339	0	0
200	15266060	340	0	0
200	14630788	341	0	0
200	11058577	342	0	0
200	15280569	343	0	0
200	11136877	344	0	0
200	11071961	345	0	0
200	12515811	346	0	0
200	12649404	347	0	0
200	15827033	348	0	0
200	16027240	349	0	0
200	15367749	350	0	0
200	12923275	351	0	0
200	11792881	352	0	0
200	9763604	353	0	0
200	14585922	354	0	0
200	13679480	355	0	0
200	12867583	356	0	0
200	11007828	357	0	0
200	10477549	358	0	0
200	10725082	359	0	0
200	11071991	360	0	0
200	16115811	361	0	0
200	15956088	362	0	0
200	11085794	363	0	0
200	11961188	364	0	0
200	9063387	365	0	0
200	10888706	366	0	0
200	15226360	367	0	0
200	12480956	368	0	0
200	10209047	369	0	0
200	10587359	370	0	0
200	10374125	371	0	0
200	12730551	372	0	0
200	15967823	373	0	0
200	12816875	374	0	0
200	15026314	375	0	0
200	15840602	376	0	0
200	15381790	377	0	0
200	15827034	378	0	0
200	11038373	379	0	0
200	11160917	380	0	0
200	12105234	381	0	0
200	15161983	382	0	0
200	15479754	383	0	0
200	15159378	384	0	0
200	10072432	385	0	0
200	11085795	386	0	0
200	12595615	387	0	0
200	10587552	388	0	0
200	14551348	389	0	0
200	15197227	390	0	0
200	15738055	391	0	0
200	12505865	392	0	0
200	10788532	393	0	0
200	11535630	394	0	0
200	11389022	395	0	0
200	11886958	396	0	0
200	8996243	397	0	0
200	11247806	398	0	0
200	11096152	399	0	0
200	11274285	400	0	0
200	14704337	401	0	0
200	10686194	402	0	0
200	12566413	403	0	0
200	12147623	404	0	0
200	14734790	405	0	0
200	11274287	406	0	0
200	11535509	407	0	0
200	15769818	408	0	0
200	15814587	409	0	0
200	10501422	410	0	0
200	14551140	411	0	0
200	10548640	412	0	0
200	9115284	413	0	0
200	15459183	414	0	0
200	15746077	415	0	0
200	11369620	416	0	0
200	15383415	417	0	0
200	12486102	418	0	0
200	15919690	419	0	0
200	9730892	420	0	0
200	12407021	421	0	0
200	12730527	422	0	0
200	15102969	423	0	0
200	15860660	424	0	0
200	16105908	425	0	0
200	10587542	426	0	0
200	12093878	427	0	0
200	15695294	428	0	0
200	10852972	429	0	0
200	15741195	430	0	0
200	10590257	431	0	0
200	15479745	432	0	0
200	10587561	433	0	0
200	15890686	434	0	0
200	11865096	435	0	0
200	11313284	436	0	0
200	11865106	437	0	0
200	12509629	438	0	0
200	12595640	439	0	0
200	10528673	440	0	0
200	11208985	441	0	0
200	9236188	442	0	0
200	16014635	443	0	0
200	10774820	444	0	0
200	15128885	445	0	0
200	10330282	446	0	0
200	11390715	447	0	0
200	15784631	448	0	0
200	14978025	449	0	0
200	11572890	450	0	0
200	15637039	451	0	0
200	11641382	452	0	0
200	16188901	453	0	0
200	15039495	454	0	0
200	15590764	455	0	0
200	12364628	456	0	0
200	12882835	457	0	0
200	15987712	458	0	0
200	9129034	459	0	0
200	9334365	460	0	0
200	15716292	461	0	0
200	10501415	462	0	0
200	11812831	463	0	0
200	15126672	464	0	0
200	11929755	465	0	0
200	10534549	466	0	0
200	14623910	467	0	0
200	12714502	468	0	0
200	12915382	469	0	0
200	11792872	470	0	0
200	15150430	471	0	0
200	10607770	472	0	0
200	9357778	473	0	0
200	11792875	474	0	0
200	12145161	475	0	0
200	15096479	476	0	0
200	11007812	477	0	0
200	12235211	478	0	0
200	15583011	479	0	0
200	11440990	480	0	0
200	9735374	481	0	0
200	15150352	482	0	0
200	10725063	483	0	0
200	9116272	484	0	0
200	16373368	485	0	0
200	9660804	486	0	0
200	10852977	487	0	0
200	16000326	488	0	0
200	14739471	489	0	0
200	9016881	490	0	0
200	11290601	491	0	0
200	16159951	492	0	0
200	11934981	493	0	0
200	10330443	494	0	0
200	15623574	495	0	0
200	11007855	496	0	0
200	15466912	497	0	0
200	14734616	498	0	0
200	15956091	499	0	0
200	10544192	500	0	0
200	15383405	501	0	0
200	15304672	502	0	0
200	11158400	503	0	0
200	10361122	504	0	0
200	12453918	505	0	0
200	10552955	506	0	0
200	12923289	507	0	0
200	15998631	508	0	0
200	15150433	509	0	0
200	15148287	510	0	0
200	16188944	511	0	0
200	11331645	512	0	0
200	16174649	513	0	0
200	10888707	514	0	0
200	11222504	515	0	0
200	11733626	516	0	0
200	14736971	517	0	0
200	15205361	518	0	0
200	14627833	519	0	0
200	12466323	520	0	0
200	10986315	521	0	0
200	9449717	522	0	0
200	14578448	523	0	0
200	11413194	524	0	0
200	15388826	525	0	0
200	11085798	526	0	0
200	9931195	527	0	0
200	10944555	528	0	0
200	12750352	529	0	0
200	15471954	530	0	0
200	14645874	531	0	0
200	12543873	532	0	0
200	15546966	533	0	0
200	11560994	534	0	0
200	15879437	535	0	0
200	16352741	536	0	0
200	15096490	537	0	0
200	12626804	538	0	0
200	10534554	539	0	0
200	15671071	540	0	0
200	12096244	541	0	0
200	12686684	542	0	0
200	10888598	543	0	0
200	10910918	544	0	0
200	12364635	545	0	0
200	10986298	546	0	0
200	14962979	547	0	0
200	15879485	548	0	0
200	14671064	549	0	0
200	11895803	550	0	0
200	12631553	551	0	0
200	9490691	552	0	0
200	10748243	553	0	0
200	9373236	554	0	0
200	12147633	555	0	0
200	15735252	556	0	0
200	15258295	557	0	0
200	16219642	558	0	0
200	10528661	559	0	0
200	12637639	560	0	0
200	12032179	561	0	0
200	10770797	562	0	0
200	12794029	563	0	0
200	11147786	564	0	0
200	15550498	565	0	0
200	12626796	566	0	0
200	15238625	567	0	0
200	11282995	568	0	0
200	12748370	569	0	0
200	11342444	570	0	0
200	10501418	571	0	0
200	10861282	572	0	0
200	10464157	573	0	0
200	11085821	574	0	0
200	9271593	575	0	0
200	11473031	576	0	0
200	12096042	577	0	0
200	15280528	578	0	0
200	12540734	579	0	0
200	12626821	580	0	0
200	15187240	581	0	0
200	8621452	582	0	0
200	12775567	583	0	0
200	15096538	584	0	0
200	10908705	585	0	0
200	12209038	586	0	0
200	16040631	587	0	0
200	9182550	588	0	0
200	15701725	589	0	0
200	9207431	590	0	0
200	12578850	591	0	0
200	10783372	592	0	0
200	15123639	593	0	0
200	12422005	594	0	0
200	10534545	595	0	0
200	12468812	596	0	0
200	9427722	597	0	0
200	16186405	598	0	0
200	8557639	599	0	0
200	15388824	600	0	0
200	11427644	601	0	0
200	14551377	602	0	0
200	12096119	603	0	0
200	11917051	604	0	0
200	10438434	605	0	0
200	15072974	606	0	0
200	15695293	607	0	0
200	12048297	608	0	0
200	7657648	609	0	0
200	11007813	610	0	0
200	12163557	611	0	0
200	9427734	612	0	0
200	9768635	613	0	0
200	12832383	614	0	0
200	14597740	615	0	0
200	10952757	616	0	0
200	12209039	617	0	0
200	11001894	618	0	0
200	14625264	619	0	0
200	12923278	620	0	0
200	11427626	621	0	0
200	10556280	622	0	0
200	12771442	623	0	0
200	11157855	624	0	0
200	11917050	625	0	0
200	9716593	626	0	0
200	12149193	627	0	0
200	12637633	628	0	0
200	11230175	629	0	0
200	10528648	630	0	0
200	12270975	631	0	0
200	15117898	632	0	0
200	12032189	633	0	0
200	12923281	634	0	0
200	15477230	635	0	0
200	11520812	636	0	0
200	9382890	637	0	0
200	12637646	638	0	0
200	12595636	639	0	0
200	12584260	640	0	0
200	12011383	641	0	0
200	10725083	642	0	0
200	11756344	643	0	0
200	9454779	644	0	0
200	10501424	645	0	0
200	15998837	646	0	0
200	10783377	647	0	0
200	9670050	648	0	0
200	15716294	649	0	0
200	15509627	650	0	0
201	9020108	1	0	0
201	9685325	2	0	0
201	9345014	3	0	0
201	15197243	4	0	0
201	14676301	5	0	0
201	12813161	6	0	0
201	11773051	7	0	0
201	9235963	8	0	0
201	14742435	9	0	0
201	10976102	10	0	0
201	12095911	11	0	0
201	12813171	12	0	0
201	8999914	13	0	0
201	15150271	14	0	0
201	15774489	15	0	0
201	14688262	16	0	0
201	15723837	17	0	0
201	7730360	18	0	0
201	11741977	19	0	0
201	11278920	20	0	0
201	9362519	21	0	0
201	11238997	22	0	0
201	11075818	23	0	0
201	12738796	24	0	0
201	8626480	25	0	0
201	9214390	26	0	0
201	11698404	27	0	0
201	8999879	28	0	0
201	10830298	29	0	0
201	9016631	30	0	0
201	12082106	31	0	0
201	10187852	32	0	0
201	10967104	33	0	0
201	10880538	34	0	0
201	12538354	35	0	0
201	12738674	36	0	0
201	15145934	37	0	0
201	10564678	38	0	0
201	10913130	39	0	0
201	12082142	40	0	0
201	12509426	41	0	0
201	12893773	42	0	0
201	11158328	43	0	0
201	12954573	44	0	0
201	12609978	45	0	0
201	15069084	46	0	0
201	12438425	47	0	0
201	9651392	48	0	0
201	10961860	49	0	0
201	15271882	50	0	0
201	15084597	51	0	0
201	15760917	52	0	0
201	8636091	53	0	0
201	15001580	54	0	0
201	15169874	55	0	0
201	15705790	56	0	0
201	12586760	57	0	0
201	10066754	58	0	0
201	9531597	59	0	0
201	15240782	60	0	0
201	12406907	61	0	0
201	15998951	62	0	0
201	10090948	63	0	0
201	11018021	64	0	0
201	8999845	65	0	0
201	12004054	66	0	0
201	11044439	67	0	0
201	15465830	68	0	0
201	10764733	69	0	0
201	16129781	70	0	0
201	14559914	71	0	0
201	7499226	72	0	0
201	15031288	73	0	0
201	9049257	74	0	0
201	11463858	75	0	0
201	9564849	76	0	0
201	11292838	77	0	0
201	16076873	78	0	0
201	15514006	79	0	0
201	11588049	80	0	0
201	8976180	81	0	0
201	9261098	82	0	0
201	9680365	83	0	0
201	16006586	84	0	0
201	15937340	85	0	0
201	14551138	86	0	0
201	16247032	87	0	0
201	12045229	88	0	0
201	15917304	89	0	0
201	15263001	90	0	0
201	12881371	91	0	0
201	7592779	92	0	0
201	15626746	93	0	0
201	12771024	94	0	0
201	10564177	95	0	0
201	12117785	96	0	0
201	15731107	97	0	0
201	12697856	98	0	0
201	15653692	99	0	0
201	11773440	100	0	0
201	11459867	101	0	0
201	14742319	102	0	0
201	9607929	103	0	0
201	9139804	104	0	0
201	12851216	105	0	0
201	14688025	106	0	0
201	11929951	107	0	0
201	9885215	108	0	0
201	11818515	109	0	0
201	15928314	110	0	0
201	11292854	111	0	0
201	7706312	112	0	0
201	11071626	113	0	0
201	15994295	114	0	0
201	15339961	115	0	0
201	12807745	116	0	0
201	7592658	117	0	0
201	15831492	118	0	0
201	15090600	119	0	0
201	9422737	120	0	0
201	11779851	121	0	0
201	15888452	122	0	0
201	15308585	123	0	0
201	15356019	124	0	0
201	9625759	125	0	0
201	10880549	126	0	0
201	12087097	127	0	0
201	11788587	128	0	0
201	14966081	129	0	0
201	12721288	130	0	0
201	9048617	131	0	0
201	14766752	132	0	0
201	10769035	133	0	0
201	9231756	134	0	0
201	10484389	135	0	0
201	11044444	136	0	0
201	12623839	137	0	0
201	15044368	138	0	0
201	9435511	139	0	0
201	12623837	140	0	0
201	11133806	141	0	0
201	12644542	142	0	0
201	9446605	143	0	0
201	15574422	144	0	0
201	10085114	145	0	0
201	10556179	146	0	0
201	15047712	147	0	0
201	11090078	148	0	0
201	15528212	149	0	0
201	15175348	150	0	0
201	11751906	151	0	0
201	15634685	152	0	0
201	10319320	153	0	0
201	11238126	154	0	0
201	9182539	155	0	0
201	14512434	156	0	0
201	9700154	157	0	0
201	14612383	158	0	0
201	10451432	159	0	0
201	9717842	160	0	0
201	10358073	161	0	0
201	11950876	162	0	0
201	10347197	163	0	0
201	14701718	164	0	0
201	11713255	165	0	0
201	15304489	166	0	0
201	15755904	167	0	0
201	15802530	168	0	0
201	15456696	169	0	0
201	10406459	170	0	0
201	14507782	171	0	0
201	12077118	172	0	0
201	9165003	173	0	0
201	15890671	174	0	0
201	16109713	175	0	0
201	12637547	176	0	0
201	7539798	177	0	0
201	10329706	178	0	0
201	9892010	179	0	0
201	15026478	180	0	0
201	10655441	181	0	0
201	10753834	182	0	0
201	9148952	183	0	0
201	12734402	184	0	0
201	7545174	185	0	0
201	11157055	186	0	0
201	14993222	187	0	0
201	10979978	188	0	0
201	15705598	189	0	0
201	10746630	190	0	0
201	9348294	191	0	0
201	15090593	192	0	0
201	9396809	193	0	0
201	15572361	194	0	0
201	10329666	195	0	0
201	15210709	196	0	0
201	7592840	197	0	0
201	11075819	198	0	0
201	11145737	199	0	0
201	15615777	200	0	0
201	12604570	201	0	0
201	11959829	202	0	0
201	12021174	203	0	0
201	9933633	204	0	0
201	10867013	205	0	0
201	9242688	206	0	0
201	10318790	207	0	0
201	10692422	208	0	0
201	15687354	209	0	0
201	12920034	210	0	0
201	15184373	211	0	0
201	15753127	212	0	0
201	8996240	213	0	0
201	15784729	214	0	0
201	11071655	215	0	0
201	12730329	216	0	0
201	15677629	217	0	0
201	12896901	218	0	0
201	15677464	219	0	0
201	11062170	220	0	0
201	11297525	221	0	0
201	11029471	222	0	0
201	7534298	223	0	0
201	9099708	224	0	0
201	11306563	225	0	0
201	11278435	226	0	0
201	9490675	227	0	0
201	7559439	228	0	0
201	12379659	229	0	0
201	15507520	230	0	0
201	10801808	231	0	0
201	12812976	232	0	0
201	12881410	233	0	0
201	12869591	234	0	0
201	11812785	235	0	0
201	14764622	236	0	0
201	11493433	237	0	0
201	11518800	238	0	0
201	11719507	239	0	0
201	11741955	240	0	0
201	14514663	241	0	0
201	15192040	242	0	0
201	11751585	243	0	0
201	12351684	244	0	0
201	11880316	245	0	0
201	10918063	246	0	0
201	15090542	247	0	0
201	15705600	248	0	0
201	15471900	249	0	0
201	15075335	250	0	0
201	15591313	251	0	0
201	9607799	252	0	0
201	12700139	253	0	0
201	11895790	254	0	0
201	12829736	255	0	0
201	15494423	256	0	0
201	9006902	257	0	0
201	11278613	258	0	0
201	10339476	259	0	0
201	15657177	260	0	0
201	15294875	261	0	0
201	11134016	262	0	0
201	12435725	263	0	0
201	9322943	264	0	0
201	9724043	265	0	0
201	11062179	266	0	0
201	12620890	267	0	0
201	10811819	268	0	0
201	12441317	269	0	0
201	8557659	270	0	0
201	11459784	271	0	0
201	14500571	272	0	0
201	15900019	273	0	0
201	9639523	274	0	0
201	8621572	275	0	0
201	11830491	276	0	0
201	12446683	277	0	0
201	12571246	278	0	0
201	7499408	279	0	0
201	11264178	280	0	0
201	15471951	281	0	0
201	9660773	282	0	0
201	15213219	283	0	0
201	12105213	284	0	0
201	12419746	285	0	0
201	8617731	286	0	0
201	14760107	287	0	0
201	7592678	288	0	0
201	9348275	289	0	0
201	14978028	290	0	0
201	12075110	291	0	0
201	11895866	292	0	0
201	9516482	293	0	0
201	12138158	294	0	0
201	10385525	295	0	0
201	9660776	296	0	0
201	8567666	297	0	0
201	15774470	298	0	0
201	9915804	299	0	0
201	15166036	300	0	0
201	12429740	301	0	0
201	9668078	302	0	0
201	15878863	303	0	0
201	12807756	304	0	0
201	12829429	305	0	0
201	16227528	306	0	0
201	12676937	307	0	0
201	11904305	308	0	0
201	12183376	309	0	0
201	12235283	310	0	0
201	10995751	311	0	0
201	8626631	312	0	0
201	10746662	313	0	0
201	10993914	314	0	0
201	9345030	315	0	0
201	12055097	316	0	0
201	10516095	317	0	0
201	11532983	318	0	0
201	9231766	319	0	0
201	9584148	320	0	0
201	11880369	321	0	0
201	10564669	322	0	0
201	11060301	323	0	0
201	11741918	324	0	0
201	12151388	325	0	0
201	11257101	326	0	0
201	10390538	327	0	0
201	16014375	328	0	0
201	10913135	329	0	0
201	16129686	330	0	0
201	15319285	331	0	0
201	10899904	332	0	0
201	16014514	333	0	0
201	11733498	334	0	0
201	15102843	335	0	0
201	12149263	336	0	0
201	9867813	337	0	0
201	11154238	338	0	0
201	7768880	339	0	0
201	9374631	340	0	0
201	12738675	341	0	0
201	12456586	342	0	0
201	12176997	343	0	0
201	12048182	344	0	0
201	9933647	345	0	0
201	15710605	346	0	0
201	12042315	347	0	0
201	12855746	348	0	0
201	16014377	349	0	0
201	14996702	350	0	0
201	10807911	351	0	0
201	15302887	352	0	0
201	15691834	353	0	0
201	12011069	354	0	0
201	15489316	355	0	0
201	10660530	356	0	0
201	14684750	357	0	0
201	9696694	358	0	0
201	14625389	359	0	0
201	12493743	360	0	0
201	12039958	361	0	0
201	12010819	362	0	0
201	12406911	363	0	0
201	12473665	364	0	0
201	9115221	365	0	0
201	9668053	366	0	0
201	10224075	367	0	0
201	11005817	368	0	0
201	10862777	369	0	0
201	12807734	370	0	0
201	11790801	371	0	0
201	8631874	372	0	0
201	11230180	373	0	0
201	9228072	374	0	0
201	9473236	375	0	0
201	12194967	376	0	0
201	15716475	377	0	0
201	11076965	378	0	0
201	16275761	379	0	0
201	11083862	380	0	0
201	10684259	381	0	0
201	9038212	382	0	0
201	9488663	383	0	0
201	11007756	384	0	0
201	15159408	385	0	0
201	15886202	386	0	0
201	11001751	387	0	0
201	10029601	388	0	0
201	12639948	389	0	0
201	12576324	390	0	0
201	12816757	391	0	0
201	15299092	392	0	0
201	9432981	393	0	0
201	10652359	394	0	0
201	12716735	395	0	0
201	12055068	396	0	0
201	9058703	397	0	0
201	15371409	398	0	0
201	11157988	399	0	0
201	12374792	400	0	0
201	11752000	401	0	0
201	9045696	402	0	0
201	12902401	403	0	0
201	9389491	404	0	0
201	10702272	405	0	0
201	10887184	406	0	0
201	10935551	407	0	0
201	14594948	408	0	0
201	12225946	409	0	0
201	10037749	410	0	0
201	12421825	411	0	0
201	11053438	412	0	0
201	11323430	413	0	0
201	15845549	414	0	0
201	9516483	415	0	0
201	12876277	416	0	0
201	9696719	417	0	0
201	10766756	418	0	0
201	15210690	419	0	0
201	15007072	420	0	0
201	10749907	421	0	0
201	11956320	422	0	0
201	7713882	423	0	0
201	14600095	424	0	0
201	11535511	425	0	0
201	9231768	426	0	0
201	9153224	427	0	0
201	14605008	428	0	0
201	15888667	429	0	0
201	16043508	430	0	0
201	9886938	431	0	0
201	11121434	432	0	0
201	12807763	433	0	0
201	15849192	434	0	0
201	12388314	435	0	0
201	7592920	436	0	0
201	7559537	437	0	0
201	12077147	438	0	0
201	10748108	439	0	0
201	14670956	440	0	0
201	14644997	441	0	0
201	7890731	442	0	0
201	12151397	443	0	0
201	11404250	444	0	0
201	10084556	445	0	0
201	11350732	446	0	0
201	9099691	447	0	0
201	15849194	448	0	0
201	15778465	449	0	0
201	9705288	450	0	0
201	14976150	451	0	0
201	9013573	452	0	0
201	8626767	453	0	0
201	11901151	454	0	0
201	10477705	455	0	0
201	11042196	456	0	0
201	12446729	457	0	0
201	14551355	458	0	0
201	15671027	459	0	0
201	10364219	460	0	0
201	12756289	461	0	0
201	15075211	462	0	0
201	12138104	463	0	0
201	11668177	464	0	0
201	15155742	465	0	0
201	10845934	466	0	0
201	10777480	467	0	0
201	7836423	468	0	0
201	9099683	469	0	0
201	14962831	470	0	0
201	9624170	471	0	0
201	10931830	472	0	0
201	10587355	473	0	0
201	10357768	474	0	0
201	10516100	475	0	0
201	8995420	476	0	0
201	14688280	477	0	0
201	8621603	478	0	0
201	9314533	479	0	0
201	9111066	480	0	0
201	7592798	481	0	0
201	8621710	482	0	0
201	7896824	483	0	0
201	11683383	484	0	0
201	8530526	485	0	0
201	8617772	486	0	0
201	9468545	487	0	0
201	16162495	488	0	0
201	12193533	489	0	0
201	11956184	490	0	0
201	10085148	491	0	0
201	8621729	492	0	0
201	11262401	493	0	0
201	15217827	494	0	0
201	12406913	495	0	0
201	16118318	496	0	0
201	11157491	497	0	0
201	11118448	498	0	0
201	9892014	499	0	0
201	10361105	500	0	0
201	15358805	501	0	0
201	8530489	502	0	0
201	10809726	503	0	0
201	12527748	504	0	0
201	15671063	505	0	0
201	10339478	506	0	0
201	16051643	507	0	0
201	10498616	508	0	0
201	15692148	509	0	0
201	9435505	510	0	0
201	9235900	511	0	0
201	12351703	512	0	0
201	7592642	513	0	0
201	8550565	514	0	0
201	11960991	515	0	0
201	14701721	516	0	0
201	12177050	517	0	0
201	11719525	518	0	0
201	10433219	519	0	0
201	9092538	520	0	0
201	9128253	521	0	0
201	9685350	522	0	0
201	12189226	523	0	0
201	14602719	524	0	0
201	7797508	525	0	0
201	14679157	526	0	0
201	10491389	527	0	0
201	11139572	528	0	0
201	15928357	529	0	0
201	12189221	530	0	0
201	11884389	531	0	0
201	14593093	532	0	0
201	10984495	533	0	0
201	16126730	534	0	0
201	12551925	535	0	0
201	10224130	536	0	0
201	15205467	537	0	0
201	16046391	538	0	0
201	7876237	539	0	0
201	12456801	540	0	0
201	11724779	541	0	0
201	10657952	542	0	0
201	12668729	543	0	0
201	10674396	544	0	0
201	10843991	545	0	0
201	12538349	546	0	0
201	7629120	547	0	0
201	9430728	548	0	0
201	15238444	549	0	0
201	7673165	550	0	0
201	9478967	551	0	0
201	12560491	552	0	0
201	9165004	553	0	0
201	11290520	554	0	0
201	7896826	555	0	0
201	7876176	556	0	0
201	7797459	557	0	0
201	15339934	558	0	0
201	11689566	559	0	0
201	14976035	560	0	0
201	11369625	561	0	0
201	11698415	562	0	0
201	12493768	563	0	0
201	7673116	564	0	0
201	9497377	565	0	0
201	10329948	566	0	0
201	9920834	567	0	0
201	16105842	568	0	0
201	11159847	569	0	0
201	10662780	570	0	0
201	11222867	571	0	0
201	9202027	572	0	0
201	11799108	573	0	0
201	9396763	574	0	0
201	11682632	575	0	0
201	8567635	576	0	0
201	10644833	577	0	0
201	11292831	578	0	0
201	11278445	579	0	0
201	10196236	580	0	0
201	7730319	581	0	0
201	10590051	582	0	0
201	10218963	583	0	0
201	8995446	584	0	0
201	12021258	585	0	0
201	14576358	586	0	0
201	9832564	587	0	0
201	15208305	588	0	0
201	15316058	589	0	0
201	11159862	590	0	0
201	9038168	591	0	0
201	15229181	592	0	0
201	8530507	593	0	0
201	9694863	594	0	0
201	10662783	595	0	0
201	11435472	596	0	0
201	11435313	597	0	0
201	15514109	598	0	0
201	10469611	599	0	0
201	16113399	600	0	0
201	12857786	601	0	0
201	12609989	602	0	0
201	12551923	603	0	0
201	14737005	604	0	0
201	12058034	605	0	0
201	14970203	606	0	0
201	12816758	607	0	0
201	15741175	608	0	0
201	12050143	609	0	0
201	11912208	610	0	0
201	15070701	611	0	0
201	9564848	612	0	0
201	7876108	613	0	0
201	12055094	614	0	0
201	14970219	615	0	0
201	11238456	616	0	0
201	14762210	617	0	0
201	12177059	618	0	0
201	10969079	619	0	0
201	7592906	620	0	0
201	7499206	621	0	0
201	10952974	622	0	0
201	9660836	623	0	0
201	10478850	624	0	0
201	15210703	625	0	0
201	11756411	626	0	0
201	11850432	627	0	0
201	10934204	628	0	0
201	7730364	629	0	0
201	9452460	630	0	0
201	9677429	631	0	0
201	9160663	632	0	0
201	11823472	633	0	0
201	12663502	634	0	0
201	12676952	635	0	0
201	9454760	636	0	0
201	12598349	637	0	0
201	12393646	638	0	0
201	12697689	639	0	0
201	12672650	640	0	0
201	10903316	641	0	0
201	10998413	642	0	0
201	11075808	643	0	0
201	9165048	644	0	0
201	14764585	645	0	0
201	12167626	646	0	0
201	10894145	647	0	0
201	11732505	648	0	0
201	9556628	649	0	0
201	12351576	650	0	0
202	15345707	1	0	0
202	9063740	2	0	0
202	10400983	3	0	0
202	12023988	4	0	0
202	11159916	5	0	0
202	15998804	6	0	0
202	15459177	7	0	0
202	9384603	8	0	0
202	8776585	9	0	0
202	10579334	10	0	0
202	11731469	11	0	0
202	15831488	12	0	0
202	9242527	13	0	0
202	12388797	14	0	0
202	10477745	15	0	0
202	9228031	16	0	0
202	8968752	17	0	0
202	10381507	18	0	0
202	12777251	19	0	0
202	11320054	20	0	0
202	11964280	21	0	0
202	11222399	22	0	0
202	15772092	23	0	0
202	8789434	24	0	0
202	12486095	25	0	0
202	16251196	26	0	0
202	12620969	27	0	0
202	12812989	28	0	0
202	10861297	29	0	0
202	12401840	30	0	0
202	9425233	31	0	0
202	15123735	32	0	0
202	15342551	33	0	0
202	11001768	34	0	0
202	9097952	35	0	0
202	11136716	36	0	0
202	10767333	37	0	0
202	15941905	38	0	0
202	7822272	39	0	0
202	11371512	40	0	0
202	10694274	41	0	0
202	12147679	42	0	0
202	10744681	43	0	0
202	11861280	44	0	0
202	10561464	45	0	0
202	12925704	46	0	0
202	16033761	47	0	0
202	9700186	48	0	0
202	11551970	49	0	0
202	15623804	50	0	0
202	10567016	51	0	0
202	15598649	52	0	0
202	11406606	53	0	0
202	11792815	54	0	0
202	10749986	55	0	0
202	14662788	56	0	0
202	15734864	57	0	0
202	11433032	58	0	0
202	12070017	59	0	0
202	10385396	60	0	0
202	16219627	61	0	0
202	9645704	62	0	0
202	9516162	63	0	0
202	9668092	64	0	0
202	7876264	65	0	0
202	12023984	66	0	0
202	14576052	67	0	0
202	16216920	68	0	0
202	11964399	69	0	0
202	14742431	70	0	0
202	10196372	71	0	0
202	10942425	72	0	0
202	15345711	73	0	0
202	12480950	74	0	0
202	10655547	75	0	0
202	10898806	76	0	0
202	14527964	77	0	0
202	9736781	78	0	0
202	15919659	79	0	0
202	9207482	80	0	0
202	12700165	81	0	0
202	9425240	82	0	0
202	14534140	83	0	0
202	11110696	84	0	0
202	9382874	85	0	0
202	11956232	86	0	0
202	15582991	87	0	0
202	11689489	88	0	0
202	12374761	89	0	0
202	9536087	90	0	0
202	15790962	91	0	0
202	14749347	92	0	0
202	15010365	93	0	0
202	9302266	94	0	0
202	15790783	95	0	0
202	9158155	96	0	0
202	12019206	97	0	0
202	11404235	98	0	0
202	10332042	99	0	0
202	14702339	100	0	0
202	15550490	101	0	0
202	11682654	102	0	0
202	10444415	103	0	0
202	10861296	104	0	0
202	12133826	105	0	0
202	12019216	106	0	0
202	10212251	107	0	0
202	12130571	108	0	0
202	15471887	109	0	0
202	9300652	110	0	0
202	9384607	111	0	0
202	14570981	112	0	0
202	11133779	113	0	0
202	15044380	114	0	0
202	12721218	115	0	0
202	11827985	116	0	0
202	10332044	117	0	0
202	9199175	118	0	0
202	9694859	119	0	0
202	15001578	120	0	0
202	12588963	121	0	0
202	9158146	122	0	0
202	9020183	123	0	0
202	9221283	124	0	0
202	11152466	125	0	0
202	11997263	126	0	0
202	12270982	127	0	0
202	11581326	128	0	0
202	16123220	129	0	0
202	11238101	130	0	0
202	11388962	131	0	0
202	10528642	132	0	0
202	10444438	133	0	0
202	11912185	134	0	0
202	16000385	135	0	0
202	11159948	136	0	0
202	9034150	137	0	0
202	9259318	138	0	0
202	9593674	139	0	0
202	11961227	140	0	0
202	12913066	141	0	0
202	15337780	142	0	0
202	11830589	143	0	0
202	9949212	144	0	0
202	11030752	145	0	0
202	15292400	146	0	0
202	9265653	147	0	0
202	10871284	148	0	0
202	11287403	149	0	0
202	15269179	150	0	0
202	14600155	151	0	0
202	9215673	152	0	0
202	10556292	153	0	0
202	10413407	154	0	0
202	11978769	155	0	0
202	12756268	156	0	0
202	11007554	157	0	0
202	10704450	158	0	0
202	10713120	159	0	0
202	11500299	160	0	0
202	10828055	161	0	0
202	9931340	162	0	0
202	7876266	163	0	0
202	7876128	164	0	0
202	16105874	165	0	0
202	11159513	166	0	0
202	10026236	167	0	0
202	9950794	168	0	0
202	9060470	169	0	0
202	12133887	170	0	0
202	9731040	171	0	0
202	7592993	172	0	0
202	11502603	173	0	0
202	15883201	174	0	0
202	11861300	175	0	0
202	11071625	176	0	0
202	14684415	177	0	0
202	12406886	178	0	0
202	9151685	179	0	0
202	14557264	180	0	0
202	12495943	181	0	0
202	12480979	182	0	0
202	15120051	183	0	0
202	16203860	184	0	0
202	11110674	185	0	0
202	12151402	186	0	0
202	16055806	187	0	0
202	15213228	188	0	0
202	11812933	189	0	0
202	15355854	190	0	0
202	10906149	191	0	0
202	15459180	192	0	0
202	11063730	193	0	0
202	11121433	194	0	0
202	15509773	195	0	0
202	15150159	196	0	0
202	11870206	197	0	0
202	11777924	198	0	0
202	10946860	199	0	0
202	11861306	200	0	0
202	10362663	201	0	0
202	12456684	202	0	0
202	15084711	203	0	0
202	9215679	204	0	0
202	15520245	205	0	0
202	9582364	206	0	0
202	11832326	207	0	0
202	10961877	208	0	0
202	10409144	209	0	0
202	12923300	210	0	0
202	9696685	211	0	0
202	9348283	212	0	0
202	9384606	213	0	0
202	10489234	214	0	0
202	11792828	215	0	0
202	9079690	216	0	0
202	8776591	217	0	0
202	11971870	218	0	0
202	16055479	219	0	0
202	10498587	220	0	0
202	9045641	221	0	0
202	10942435	222	0	0
202	7649988	223	0	0
202	10469835	224	0	0
202	9357844	225	0	0
202	16219680	226	0	0
202	11118476	227	0	0
202	10469849	228	0	0
202	9202021	229	0	0
202	9872999	230	0	0
202	15342952	231	0	0
202	11590129	232	0	0
202	9668161	233	0	0
202	9105039	234	0	0
202	15321949	235	0	0
202	16014634	236	0	0
202	12048287	237	0	0
202	15358757	238	0	0
202	11573632	239	0	0
202	9458775	240	0	0
202	12444101	241	0	0
202	12372807	242	0	0
202	10952750	243	0	0
202	11278762	244	0	0
202	9880527	245	0	0
202	9688643	246	0	0
202	15998642	247	0	0
202	9417048	248	0	0
202	15883160	249	0	0
202	12578848	250	0	0
202	11328962	251	0	0
202	10092635	252	0	0
202	10508849	253	0	0
202	15866887	254	0	0
202	14581460	255	0	0
202	9490721	256	0	0
202	11493634	257	0	0
202	12075008	258	0	0
202	16036901	259	0	0
202	9006938	260	0	0
202	12411257	261	0	0
202	15459109	262	0	0
202	15172467	263	0	0
202	12376570	264	0	0
202	15051738	265	0	0
202	12676733	266	0	0
202	12065285	267	0	0
202	11836269	268	0	0
202	16061474	269	0	0
202	10352010	270	0	0
202	15855346	271	0	0
202	10912212	272	0	0
202	11250929	273	0	0
202	9843725	274	0	0
202	11756564	275	0	0
202	11923211	276	0	0
202	11532986	277	0	0
202	11668193	278	0	0
202	15163665	279	0	0
202	14670972	280	0	0
202	11801730	281	0	0
202	9151711	282	0	0
202	12649164	283	0	0
202	9154154	284	0	0
202	9008702	285	0	0
202	11171624	286	0	0
202	12736250	287	0	0
202	11912196	288	0	0
202	15483268	289	0	0
202	11807088	290	0	0
202	12403789	291	0	0
202	12421699	292	0	0
202	8550618	293	0	0
202	10806201	294	0	0
202	15509515	295	0	0
202	9158154	296	0	0
202	11597911	297	0	0
202	11973362	298	0	0
202	11807095	299	0	0
202	10727467	300	0	0
202	10426416	301	0	0
202	14619916	302	0	0
202	16227461	303	0	0
202	15863742	304	0	0
202	10961902	305	0	0
202	9373234	306	0	0
202	7852298	307	0	0
202	12915459	308	0	0
202	12571274	309	0	0
202	15644391	310	0	0
202	15210713	311	0	0
202	16188900	312	0	0
202	9322913	313	0	0
202	10625677	314	0	0
202	10749907	315	0	0
202	11123192	316	0	0
202	16091374	317	0	0
202	12676766	318	0	0
202	15632139	319	0	0
202	10749980	320	0	0
202	10199865	321	0	0
202	10789321	322	0	0
202	12883075	323	0	0
202	12460941	324	0	0
202	15855239	325	0	0
202	10224124	326	0	0
202	12730538	327	0	0
202	15644317	328	0	0
202	10026148	329	0	0
202	8567671	330	0	0
202	10352024	331	0	0
202	12019270	332	0	0
202	10358016	333	0	0
202	14970255	334	0	0
202	11971873	335	0	0
202	12202476	336	0	0
202	10648680	337	0	0
202	10789317	338	0	0
202	9020182	339	0	0
202	11675327	340	0	0
202	11136880	341	0	0
202	15169761	342	0	0
202	15191779	343	0	0
202	8995373	344	0	0
202	14970224	345	0	0
202	15001474	346	0	0
202	9175735	347	0	0
202	12147793	348	0	0
202	12070006	349	0	0
202	15190011	350	0	0
202	15961412	351	0	0
202	15170390	352	0	0
202	12925711	353	0	0
202	9292510	354	0	0
202	10767308	355	0	0
202	12538583	356	0	0
202	12959974	357	0	0
202	10330399	358	0	0
202	15784609	359	0	0
202	14644759	360	0	0
202	9024216	361	0	0
202	14638686	362	0	0
202	10831622	363	0	0
202	11739182	364	0	0
202	10419873	365	0	0
202	10748049	366	0	0
202	10506101	367	0	0
202	11090593	368	0	0
202	15575005	369	0	0
202	12588965	370	0	0
202	9645698	371	0	0
202	8968753	372	0	0
202	10564230	373	0	0
202	15501998	374	0	0
202	15317957	375	0	0
202	10722747	376	0	0
202	15467003	377	0	0
202	10660558	378	0	0
202	11309366	379	0	0
202	15790691	380	0	0
202	10653586	381	0	0
202	11257108	382	0	0
202	9446579	383	0	0
202	8567675	384	0	0
202	14729745	385	0	0
202	10537153	386	0	0
202	15340014	387	0	0
202	14709593	388	0	0
202	15253936	389	0	0
202	15958652	390	0	0
202	9593678	391	0	0
202	9425229	392	0	0
202	16291721	393	0	0
202	12186857	394	0	0
202	10645892	395	0	0
202	15254033	396	0	0
202	12204911	397	0	0
202	7829512	398	0	0
202	11872683	399	0	0
202	10859138	400	0	0
202	15814577	401	0	0
202	10556254	402	0	0
202	10397707	403	0	0
202	12515717	404	0	0
202	12975338	405	0	0
202	10837474	406	0	0
202	10869472	407	0	0
202	10196186	408	0	0
202	12590900	409	0	0
202	12719428	410	0	0
202	10545611	411	0	0
202	11331549	412	0	0
202	10648554	413	0	0
202	9660788	414	0	0
202	11316730	415	0	0
202	15650057	416	0	0
202	15483264	417	0	0
202	11073962	418	0	0
202	10562280	419	0	0
202	10830304	420	0	0
202	10358049	421	0	0
202	14645240	422	0	0
202	10814696	423	0	0
202	11731450	424	0	0
202	12414840	425	0	0
202	9642240	426	0	0
202	15492041	427	0	0
202	9087443	428	0	0
202	9724017	429	0	0
202	10811817	430	0	0
202	12732654	431	0	0
202	14643276	432	0	0
202	9151667	433	0	0
202	11029276	434	0	0
202	12668617	435	0	0
202	11007813	436	0	0
202	10085130	437	0	0
202	15741200	438	0	0
202	15961384	439	0	0
202	15253938	440	0	0
202	15689413	441	0	0
202	10908569	442	0	0
202	9461565	443	0	0
202	10516170	444	0	0
202	15469971	445	0	0
202	11804859	446	0	0
202	9685368	447	0	0
202	10931864	448	0	0
202	15769907	449	0	0
202	9480945	450	0	0
202	9045632	451	0	0
202	11071954	452	0	0
202	11353077	453	0	0
202	9105036	454	0	0
202	11001928	455	0	0
202	12239176	456	0	0
202	11356713	457	0	0
202	12788784	458	0	0
202	10364223	459	0	0
202	12021310	460	0	0
202	12032182	461	0	0
202	11115845	462	0	0
202	14993220	463	0	0
202	11748237	464	0	0
202	10858267	465	0	0
202	15064310	466	0	0
202	10894155	467	0	0
202	15067019	468	0	0
202	10561456	469	0	0
202	15851778	470	0	0
202	11152660	471	0	0
202	12239163	472	0	0
202	12482925	473	0	0
202	11038350	474	0	0
202	10919846	475	0	0
202	12591922	476	0	0
202	12890648	477	0	0
202	11752724	478	0	0
202	11460817	479	0	0
202	14711821	480	0	0
202	9300660	481	0	0
202	12093789	482	0	0
202	15548549	483	0	0
202	9670047	484	0	0
202	12466206	485	0	0
202	14998932	486	0	0
202	15056597	487	0	0
202	15265785	488	0	0
202	9006912	489	0	0
202	15452145	490	0	0
202	14670989	491	0	0
202	15575006	492	0	0
202	15150286	493	0	0
202	10402469	494	0	0
202	12091320	495	0	0
202	10026171	496	0	0
202	9624139	497	0	0
202	14578443	498	0	0
202	12165567	499	0	0
202	12574172	500	0	0
202	9362240	501	0	0
202	10831609	502	0	0
202	11207149	503	0	0
202	9013602	504	0	0
202	9207436	505	0	0
202	12186956	506	0	0
202	12925582	507	0	0
202	9245794	508	0	0
202	12205089	509	0	0
202	12538637	510	0	0
202	15163631	511	0	0
202	11956296	512	0	0
202	10501498	513	0	0
202	15557010	514	0	0
202	11689394	515	0	0
202	15831703	516	0	0
202	7499346	517	0	0
202	14970261	518	0	0
202	10342866	519	0	0
202	11709542	520	0	0
202	11493525	521	0	0
202	12893756	522	0	0
202	10854422	523	0	0
202	11479271	524	0	0
202	9028310	525	0	0
202	12003910	526	0	0
202	11564757	527	0	0
202	16091423	528	0	0
202	10601330	529	0	0
202	11315220	530	0	0
202	9625755	531	0	0
202	11509738	532	0	0
202	9920054	533	0	0
202	9348281	534	0	0
202	12468644	535	0	0
202	10952716	536	0	0
202	8626791	537	0	0
202	11524299	538	0	0
202	12540610	539	0	0
202	15644392	540	0	0
202	9008703	541	0	0
202	9166844	542	0	0
202	10818106	543	0	0
202	15855278	544	0	0
202	10898799	545	0	0
202	9092523	546	0	0
202	10372682	547	0	0
202	11106656	548	0	0
202	12878670	549	0	0
202	9606106	550	0	0
202	11641220	551	0	0
202	9426258	552	0	0
202	15159453	553	0	0
202	16249233	554	0	0
202	9129049	555	0	0
202	15591244	556	0	0
202	10973992	557	0	0
202	12118064	558	0	0
202	11257109	559	0	0
202	16077141	560	0	0
202	12021205	561	0	0
202	12399407	562	0	0
202	14578362	563	0	0
202	12574170	564	0	0
202	12554680	565	0	0
202	10498281	566	0	0
202	11602638	567	0	0
202	7713870	568	0	0
202	11916949	569	0	0
202	12464692	570	0	0
202	15269177	571	0	0
202	11026950	572	0	0
202	15252177	573	0	0
202	15947088	574	0	0
202	14734658	575	0	0
202	12584240	576	0	0
202	11249847	577	0	0
202	10648412	578	0	0
202	15867089	579	0	0
202	12453936	580	0	0
202	14739222	581	0	0
202	15247213	582	0	0
202	11559757	583	0	0
202	10379880	584	0	0
202	12399528	585	0	0
202	15143070	586	0	0
202	12388796	587	0	0
202	11171612	588	0	0
202	12655107	589	0	0
202	14988158	590	0	0
202	9668075	591	0	0
202	11897675	592	0	0
202	14514708	593	0	0
202	12702660	594	0	0
202	10653590	595	0	0
202	10072437	596	0	0
202	10938088	597	0	0
202	12417532	598	0	0
202	10862611	599	0	0
202	11832327	600	0	0
202	15297253	601	0	0
202	11435209	602	0	0
202	12668607	603	0	0
202	12966031	604	0	0
202	9334349	605	0	0
202	11834482	606	0	0
202	9864148	607	0	0
202	12857937	608	0	0
202	9267475	609	0	0
202	12189149	610	0	0
202	10807912	611	0	0
202	15208438	612	0	0
202	9018518	613	0	0
202	10893413	614	0	0
202	10198407	615	0	0
202	11734543	616	0	0
202	9971739	617	0	0
202	12048286	618	0	0
202	10216069	619	0	0
202	14570915	620	0	0
202	11950847	621	0	0
202	11788364	622	0	0
202	10644666	623	0	0
202	15795231	624	0	0
202	14996700	625	0	0
202	12588964	626	0	0
202	11181584	627	0	0
202	16055494	628	0	0
202	15576410	629	0	0
202	9724018	630	0	0
202	9024697	631	0	0
202	15769899	632	0	0
202	12724130	633	0	0
202	15364909	634	0	0
202	9169450	635	0	0
202	15210698	636	0	0
202	12223355	637	0	0
202	14962977	638	0	0
202	14645198	639	0	0
202	10330444	640	0	0
202	15516337	641	0	0
202	12714541	642	0	0
202	16109784	643	0	0
202	10570222	644	0	0
202	15576403	645	0	0
202	10477677	646	0	0
202	15358730	647	0	0
202	15703192	648	0	0
202	14522573	649	0	0
202	14990520	650	0	0
203	14617572	1	0	0
203	12502497	2	0	0
203	11145597	3	0	0
203	9478946	4	0	0
203	10644563	5	0	0
203	9927324	6	0	0
203	10067855	7	0	0
203	9374669	8	0	0
203	15358755	9	0	0
203	14701723	10	0	0
203	10859228	11	0	0
203	12065298	12	0	0
203	15302876	13	0	0
203	9112389	14	0	0
203	11897689	15	0	0
203	10830299	16	0	0
203	9605937	17	0	0
203	15033917	18	0	0
203	11960780	19	0	0
203	10579316	20	0	0
203	9756514	21	0	0
203	11124960	22	0	0
203	10698193	23	0	0
203	11919271	24	0	0
203	11812772	25	0	0
203	12239111	26	0	0
203	11981043	27	0	0
203	9458793	28	0	0
203	12235038	29	0	0
203	14605001	30	0	0
203	10601003	31	0	0
203	15155712	32	0	0
203	16109832	33	0	0
203	15514088	34	0	0
203	12728013	35	0	0
203	9887008	36	0	0
203	9756508	37	0	0
203	11181537	38	0	0
203	9528923	39	0	0
203	15649881	40	0	0
203	10707960	41	0	0
203	16227528	42	0	0
203	12529251	43	0	0
203	9488697	44	0	0
203	11557578	45	0	0
203	11179047	46	0	0
203	11459777	47	0	0
203	10409229	48	0	0
203	11897681	49	0	0
203	12446722	50	0	0
203	10650947	51	0	0
203	10758117	52	0	0
203	9886989	53	0	0
203	12639948	54	0	0
203	14676184	55	0	0
203	12525492	56	0	0
203	9165043	57	0	0
203	12488235	58	0	0
203	12072402	59	0	0
203	9389767	60	0	0
203	15483227	61	0	0
203	9283610	62	0	0
203	11978791	63	0	0
203	9756504	64	0	0
203	9607796	65	0	0
203	9843699	66	0	0
203	12801886	67	0	0
203	12960047	68	0	0
203	11441050	69	0	0
203	12754213	70	0	0
203	9440812	71	0	0
203	10484379	72	0	0
203	10729319	73	0	0
203	11518673	74	0	0
203	15237107	75	0	0
203	8999963	76	0	0
203	9751499	77	0	0
203	11522660	78	0	0
203	12716746	79	0	0
203	9655677	80	0	0
203	9688662	81	0	0
203	12857771	82	0	0
203	9231784	83	0	0
203	11978642	84	0	0
203	14726514	85	0	0
203	9815017	86	0	0
203	10912993	87	0	0
203	10846009	88	0	0
203	9815052	89	0	0
203	9171234	90	0	0
203	15590645	91	0	0
203	7782300	92	0	0
203	10650952	93	0	0
203	9528956	94	0	0
203	11841997	95	0	0
203	14701671	96	0	0
203	10537127	97	0	0
203	9843782	98	0	0
203	11517171	99	0	0
203	12183395	100	0	0
203	11029467	101	0	0
203	11373257	102	0	0
203	9655689	103	0	0
203	15932876	104	0	0
203	11882517	105	0	0
203	12959988	106	0	0
203	9681497	107	0	0
203	15247290	108	0	0
203	9815026	109	0	0
203	9950819	110	0	0
203	10913020	111	0	0
203	15650134	112	0	0
203	12517986	113	0	0
203	15731172	114	0	0
203	12403839	115	0	0
203	11435617	116	0	0
203	14660604	117	0	0
203	10614636	118	0	0
203	12446584	119	0	0
203	9389523	120	0	0
203	10330012	121	0	0
203	12690118	122	0	0
203	15166312	123	0	0
203	9002987	124	0	0
203	10070042	125	0	0
203	11579206	126	0	0
203	9231772	127	0	0
203	8977427	128	0	0
203	10964933	129	0	0
203	9482662	130	0	0
203	10666035	131	0	0
203	11447008	132	0	0
203	10198350	133	0	0
203	12381515	134	0	0
203	15976009	135	0	0
203	9843698	136	0	0
203	12684209	137	0	0
203	9815038	138	0	0
203	9677397	139	0	0
203	14657510	140	0	0
203	9545315	141	0	0
203	12869385	142	0	0
203	9497348	143	0	0
203	11208546	144	0	0
203	9435491	145	0	0
203	9092493	146	0	0
203	11557509	147	0	0
203	10465288	148	0	0
203	10537133	149	0	0
203	11093931	150	0	0
203	9075734	151	0	0
203	9562574	152	0	0
203	9814975	153	0	0
203	15020588	154	0	0
203	12554744	155	0	0
203	9887120	156	0	0
203	11013258	157	0	0
203	9310461	158	0	0
203	11459790	159	0	0
203	9688657	160	0	0
203	9435547	161	0	0
203	12133828	162	0	0
203	10323203	163	0	0
203	15716245	164	0	0
203	12881225	165	0	0
203	10537138	166	0	0
203	14684603	167	0	0
203	12376335	168	0	0
203	9886985	169	0	0
203	10561442	170	0	0
203	10953007	171	0	0
203	9688645	172	0	0
203	10666049	173	0	0
203	8995389	174	0	0
203	11147773	175	0	0
203	9688859	176	0	0
203	9449615	177	0	0
203	9585411	178	0	0
203	16123157	179	0	0
203	11352802	180	0	0
203	11408250	181	0	0
203	9886980	182	0	0
203	11668074	183	0	0
203	10712268	184	0	0
203	10516139	185	0	0
203	9325391	186	0	0
203	11880348	187	0	0
203	15269108	188	0	0
203	10801840	189	0	0
203	9449626	190	0	0
203	9165009	191	0	0
203	9015309	192	0	0
203	9612206	193	0	0
203	9530148	194	0	0
203	9815027	195	0	0
203	11408454	196	0	0
203	12446592	197	0	0
203	10811661	198	0	0
203	10364208	199	0	0
203	15855316	200	0	0
203	9950810	201	0	0
203	10830310	202	0	0
203	10960361	203	0	0
203	9642274	204	0	0
203	12403838	205	0	0
203	9374726	206	0	0
203	15234967	207	0	0
203	10600782	208	0	0
203	9843770	209	0	0
203	14581595	210	0	0
203	7797511	211	0	0
203	15591243	212	0	0
203	9751513	213	0	0
203	11897707	214	0	0
203	12829438	215	0	0
203	10927995	216	0	0
203	9819275	217	0	0
203	11259431	218	0	0
203	9927311	219	0	0
203	12816760	220	0	0
203	7713870	221	0	0
203	15637177	222	0	0
203	15475512	223	0	0
203	9677428	224	0	0
203	15280371	225	0	0
203	10362843	226	0	0
203	10198322	227	0	0
203	15033912	228	0	0
203	11123195	229	0	0
203	10837351	230	0	0
203	10803576	231	0	0
203	12376343	232	0	0
203	12239080	233	0	0
203	8631918	234	0	0
203	9002982	235	0	0
203	9461563	236	0	0
203	11052982	237	0	0
203	11005761	238	0	0
203	15749738	239	0	0
203	8626788	240	0	0
203	10762609	241	0	0
203	12021202	242	0	0
203	11254500	243	0	0
203	11123201	244	0	0
203	9267472	245	0	0
203	10898765	246	0	0
203	10444440	247	0	0
203	15498954	248	0	0
203	7713908	249	0	0
203	9889258	250	0	0
203	12077165	251	0	0
203	10801258	252	0	0
203	15208359	253	0	0
203	7531708	254	0	0
203	11859071	255	0	0
203	10681387	256	0	0
203	12011087	257	0	0
203	11013255	258	0	0
203	11897622	259	0	0
203	12169436	260	0	0
203	10801265	261	0	0
203	12388073	262	0	0
203	9642233	263	0	0
203	12040008	264	0	0
203	9927305	265	0	0
203	11518692	266	0	0
203	9575909	267	0	0
203	11416005	268	0	0
203	15297260	269	0	0
203	12421692	270	0	0
203	10465308	271	0	0
203	12419707	272	0	0
203	14527964	273	0	0
203	8576167	274	0	0
203	15257984	275	0	0
203	8621433	276	0	0
203	9092794	277	0	0
203	12421748	278	0	0
203	12730146	279	0	0
203	12039898	280	0	0
203	9369448	281	0	0
203	12502507	282	0	0
203	9832451	283	0	0
203	15234971	284	0	0
203	10362590	285	0	0
203	10218972	286	0	0
203	9725802	287	0	0
203	10783389	288	0	0
203	9307112	289	0	0
203	12919938	290	0	0
203	11784714	291	0	0
203	15003932	292	0	0
203	9153246	293	0	0
203	12388180	294	0	0
203	11208538	295	0	0
203	11705736	296	0	0
203	11171599	297	0	0
203	10579358	298	0	0
203	12881224	299	0	0
203	12777252	300	0	0
203	9950828	301	0	0
203	11121377	302	0	0
203	15123709	303	0	0
203	12475759	304	0	0
203	9756490	305	0	0
203	10746654	306	0	0
203	9815025	307	0	0
203	11804846	308	0	0
203	10960356	309	0	0
203	9696715	310	0	0
203	15140764	311	0	0
203	9612205	312	0	0
203	10342877	313	0	0
203	9729551	314	0	0
203	9582227	315	0	0
203	11788379	316	0	0
203	12618419	317	0	0
203	9362263	318	0	0
203	11005751	319	0	0
203	15326210	320	0	0
203	11171619	321	0	0
203	12724331	322	0	0
203	11004201	323	0	0
203	9165026	324	0	0
203	11967282	325	0	0
203	10746641	326	0	0
203	12236169	327	0	0
203	15169677	328	0	0
203	14726510	329	0	0
203	15550390	330	0	0
203	12881228	331	0	0
203	12370242	332	0	0
203	12665517	333	0	0
203	11158922	334	0	0
203	12529267	335	0	0
203	9421440	336	0	0
203	9112381	337	0	0
203	9458786	338	0	0
203	9841481	339	0	0
203	15498888	340	0	0
203	9348230	341	0	0
203	11254494	342	0	0
203	10644570	343	0	0
203	8977431	344	0	0
203	10666044	345	0	0
203	11356717	346	0	0
203	11447028	347	0	0
203	10362657	348	0	0
203	12909562	349	0	0
203	15901679	350	0	0
203	10347206	351	0	0
203	9851750	352	0	0
203	12721154	353	0	0
203	15870074	354	0	0
203	9374715	355	0	0
203	11112777	356	0	0
203	11861531	357	0	0
203	10026232	358	0	0
203	11373321	359	0	0
203	12816759	360	0	0
203	15345469	361	0	0
203	9815016	362	0	0
203	12016115	363	0	0
203	12466210	364	0	0
203	10625628	365	0	0
203	11429444	366	0	0
203	12181159	367	0	0
203	14623827	368	0	0
203	12086955	369	0	0
203	15888489	370	0	0
203	10698199	371	0	0
203	11254487	372	0	0
203	8631854	373	0	0
203	11053008	374	0	0
203	11052987	375	0	0
203	10444459	376	0	0
203	9458723	377	0	0
203	10915648	378	0	0
203	9425207	379	0	0
203	16247029	380	0	0
203	15310554	381	0	0
203	12960055	382	0	0
203	11278585	383	0	0
203	16093418	384	0	0
203	9115282	385	0	0
203	9655790	386	0	0
203	11356675	387	0	0
203	9624132	388	0	0
203	10803604	389	0	0
203	9376602	390	0	0
203	11847214	391	0	0
203	15483268	392	0	0
203	10198328	393	0	0
203	11106678	394	0	0
203	12181172	395	0	0
203	11884355	396	0	0
203	9696723	397	0	0
203	11408281	398	0	0
203	10875245	399	0	0
203	11334405	400	0	0
203	15821016	401	0	0
203	10827002	402	0	0
203	11005758	403	0	0
203	15499082	404	0	0
203	14583624	405	0	0
203	9112392	406	0	0
203	9815047	407	0	0
203	10908567	408	0	0
203	12947048	409	0	0
203	10681392	410	0	0
203	12941776	411	0	0
203	12690116	412	0	0
203	11967278	413	0	0
203	11668025	414	0	0
203	12584110	415	0	0
203	11250943	416	0	0
203	12609984	417	0	0
203	15178549	418	0	0
203	14565944	419	0	0
203	11328767	420	0	0
203	9486266	421	0	0
203	9492011	422	0	0
203	10218949	423	0	0
203	9612367	424	0	0
203	9950763	425	0	0
203	9815045	426	0	0
203	10769054	427	0	0
203	11459779	428	0	0
203	7782340	429	0	0
203	12620888	430	0	0
203	9458787	431	0	0
203	12388115	432	0	0
203	10902778	433	0	0
203	9374694	434	0	0
203	15687244	435	0	0
203	9322917	436	0	0
203	10554991	437	0	0
203	12429744	438	0	0
203	11053350	439	0	0
203	8977417	440	0	0
203	15016616	441	0	0
203	11948203	442	0	0
203	11914383	443	0	0
203	10579339	444	0	0
203	14602578	445	0	0
203	12034728	446	0	0
203	16030139	447	0	0
203	12145343	448	0	0
203	9435508	449	0	0
203	9212828	450	0	0
203	11278469	451	0	0
203	11447033	452	0	0
203	15256361	453	0	0
203	12764043	454	0	0
203	10825373	455	0	0
203	15084711	456	0	0
203	12748062	457	0	0
203	10067822	458	0	0
203	12486091	459	0	0
203	10364217	460	0	0
203	9815028	461	0	0
203	11897621	462	0	0
203	8968764	463	0	0
203	12421710	464	0	0
203	11744683	465	0	0
203	10323408	466	0	0
203	9421409	467	0	0
203	15734881	468	0	0
203	9611120	469	0	0
203	9927320	470	0	0
203	9328348	471	0	0
203	11160995	472	0	0
203	9065833	473	0	0
203	15075198	474	0	0
203	11292597	475	0	0
203	11003572	476	0	0
203	10875263	477	0	0
203	9585410	478	0	0
203	9054374	479	0	0
203	9374703	480	0	0
203	14551038	481	0	0
203	11517286	482	0	0
203	12620895	483	0	0
203	10644530	484	0	0
203	10484337	485	0	0
203	11415968	486	0	0
203	9612381	487	0	0
203	15151956	488	0	0
203	12149219	489	0	0
203	10198330	490	0	0
203	15271883	491	0	0
203	9681500	492	0	0
203	15165988	493	0	0
203	11375322	494	0	0
203	12130578	495	0	0
203	11208547	496	0	0
203	15761084	497	0	0
203	11809790	498	0	0
203	10952987	499	0	0
203	9553084	500	0	0
203	9843772	501	0	0
203	12002439	502	0	0
203	12388209	503	0	0
203	15201281	504	0	0
203	12514167	505	0	0
203	9886862	506	0	0
203	10762619	507	0	0
203	11043569	508	0	0
203	9564871	509	0	0
203	11557520	510	0	0
203	14709420	511	0	0
203	11159863	512	0	0
203	12736154	513	0	0
203	15616031	514	0	0
203	9065484	515	0	0
203	10409150	516	0	0
203	11001760	517	0	0
203	12746297	518	0	0
203	10362695	519	0	0
203	9688661	520	0	0
203	11435478	521	0	0
203	14684361	522	0	0
203	10444441	523	0	0
203	11668035	524	0	0
203	15894534	525	0	0
203	10748146	526	0	0
203	9486197	527	0	0
203	15331353	528	0	0
203	12181185	529	0	0
203	15128885	530	0	0
203	10368422	531	0	0
203	10666052	532	0	0
203	11832336	533	0	0
203	15618279	534	0	0
203	12829637	535	0	0
203	15010480	536	0	0
203	9612263	537	0	0
203	9506976	538	0	0
203	7499239	539	0	0
203	9528949	540	0	0
203	12239117	541	0	0
203	10644573	542	0	0
203	11179089	543	0	0
203	16020657	544	0	0
203	9261169	545	0	0
203	15616132	546	0	0
203	11352829	547	0	0
203	8626685	548	0	0
203	9228036	549	0	0
203	10537166	550	0	0
203	11557557	551	0	0
203	12021176	552	0	0
203	9214390	553	0	0
203	10409103	554	0	0
203	12801884	555	0	0
203	14739140	556	0	0
203	14630718	557	0	0
203	9441971	558	0	0
203	9458767	559	0	0
203	8977434	560	0	0
203	16249433	561	0	0
203	15010361	562	0	0
203	15872007	563	0	0
203	9322951	564	0	0
203	10898805	565	0	0
203	12960066	566	0	0
203	14678954	567	0	0
203	9322920	568	0	0
203	15939781	569	0	0
203	15155262	570	0	0
203	9231754	571	0	0
203	12193559	572	0	0
203	12065302	573	0	0
203	9724277	574	0	0
203	12075733	575	0	0
203	9886827	576	0	0
203	14688223	577	0	0
203	12533309	578	0	0
203	10544214	579	0	0
203	12668632	580	0	0
203	10915654	581	0	0
203	7499334	582	0	0
203	9075694	583	0	0
203	10484575	584	0	0
203	15956021	585	0	0
203	10956370	586	0	0
203	15705621	587	0	0
203	11668192	588	0	0
203	9927286	589	0	0
203	9889252	590	0	0
203	15331354	591	0	0
203	11682619	592	0	0
203	10067826	593	0	0
203	10729318	594	0	0
203	10625661	595	0	0
203	12239106	596	0	0
203	9696685	597	0	0
203	12816763	598	0	0
203	15388647	599	0	0
203	10976914	600	0	0
203	9744874	601	0	0
203	12021208	602	0	0
203	11053003	603	0	0
203	12881226	604	0	0
203	15458924	605	0	0
203	9497429	606	0	0
203	11087235	607	0	0
203	11035135	608	0	0
203	11557531	609	0	0
203	14734520	610	0	0
203	11061490	611	0	0
203	10516155	612	0	0
203	12606516	613	0	0
203	12381524	614	0	0
203	15238361	615	0	0
203	10712255	616	0	0
203	10960346	617	0	0
203	12540363	618	0	0
203	9696704	619	0	0
203	9843820	620	0	0
203	10075722	621	0	0
203	14726440	622	0	0
203	10748156	623	0	0
203	10564229	624	0	0
203	15499079	625	0	0
203	10319318	626	0	0
203	9688653	627	0	0
203	10067857	628	0	0
203	8550607	629	0	0
203	12409301	630	0	0
203	8852659	631	0	0
203	9322916	632	0	0
203	9354649	633	0	0
203	10600880	634	0	0
203	12019300	635	0	0
203	12133849	636	0	0
203	11978789	637	0	0
203	12169432	638	0	0
203	15385571	639	0	0
203	15860547	640	0	0
203	10199806	641	0	0
203	12881227	642	0	0
203	14684377	643	0	0
203	10653585	644	0	0
203	12165561	645	0	0
203	7730369	646	0	0
203	14966200	647	0	0
203	10662721	648	0	0
203	11278902	649	0	0
203	9374737	650	0	0
